26 23 21 24 19 21 20 23 19 24 25 22 21 19 16 29 27 23 28 23 18 32 17 29 19 21 18 21 32 22 21 21
35 38 34 25 18 28 27 35 36 36 27 40 35 31 35 41 36 26 44 18 36 33 31 33 26 42 39 40 38 42 35 29
64 55 54 52 46 61 49 51 52 53 47 44 54 64 61 51 51 51 62 56 46 46 52 63 51 61 64 64 48 59 44 67
83 90 83 92 62 81 77 79 75 95 66 68 76 67 85 80 93 67 86 77 81 82 92 88 90 61 60 73 76 72 82 72
105 97 126 116 131 131 111 114 126 113 105 104 114 124 135 103 151 119 102 131 122 111 118 131 111 142 108 118 134 109 109 116
163 163 161 154 175 155 167 145 164 178 162 155 137 171 145 178 161 147 160 177 140 176 153 153 158 162 168 167 160 170 169 174
246 228 229 214 223 236 199 200 218 230 227 215 224 239 206 224 196 200 224 240 215 207 230 211 201 229 214 239 240 225 205 235
319 310 280 317 325 310 294 283 268 301 318 287 297 291 310 289 313 347 331 344 302 301 305 342 296 300 293 323 313 303 299 311
404 382 366 409 392 405 383 392 432 420 432 401 425 436 411 396 381 410 383 437 399 428 389 378 384 446 425 393 403 403 406 412
529 485 502 535 512 529 527 516 528 583 502 528 507 521 491 509 569 506 509 499 558 504 523 594 545 542 543 496 536 516 505 516
726 740 679 677 709 674 677 704 660 648 722 695 702 675 654 697 680 701 663 706 668 676 685 676 699 677 669 700 701 661 676 703
838 849 828 909 868 900 865 879 830 884 817 844 852 833 892 877 877 843 820 836 811 862 863 842 906 850 815 886 831 863 886 853
1058 1081 1100 1060 1035 1114 1046 1147 1073 1056 1055 1041 1064 1020 1084 1034 1057 996 1079 1091 1095 1116 1001 1083 1041 1059 1093 1039 1068 1064 1064 1047
1305 1318 1289 1334 1342 1336 1304 1226 1325 1341 1306 1289 1236 1310 1342 1265 1267 1231 1319 1240 1252 1276 1263 1290 1308 1239 1348 1235 1304 1368 1269 1289
1619 1566 1550 1561 1508 1490 1519 1477 1522 1536 1620 1611 1551 1499 1543 1571 1568 1555 1496 1529 1514 1503 1534 1523 1582 1463 1470 1566 1550 1537 1561 1605
1771 1727 1752 1764 1827 1822 1771 1844 1757 1709 1842 1733 1822 1774 1758 1730 1821 1762 1787 1808 1809 1815 1795 1802 1773 1878 1758 1850 1859 1821 1782 1758
2014 2098 2044 2080 2056 2107 2086 2057 1974 2076 2112 2046 2087 2104 1993 2077 2050 2034 2007 2090 2091 2074 2146 2039 2110 2057 2011 2040 2137 2115 2053 2101
2398 2369 2291 2388 2278 2273 2355 2308 2343 2269 2267 2413 2357 2352 2279 2354 2293 2384 2375 2303 2341 2307 2247 2305 2346 2309 2331 2251 2367 2269 2367 2415
2641 2515 2535 2656 2577 2639 2489 2537 2607 2660 2519 2645 2566 2613 2750 2656 2622 2565 2565 2590 2661 2566 2534 2593 2530 2585 2622 2583 2638 2645 2627 2613
2899 2876 2927 2821 2882 2965 2929 2952 2848 2999 2862 2824 2897 2899 2943 2849 2823 2827 2812 2913 2920 2793 2927 2876 2839 2952 2946 2813 2940 2868 2938 2904
3199 3178 3112 3120 3136 3146 3206 3151 3183 3135 3148 3109 3105 3094 3111 3242 3058 3157 3256 3144 3074 3170 3214 3275 3116 3202 3140 3205 3274 3083 3240 3239
3406 3464 3509 3533 3458 3479 3487 3516 3557 3495 3478 3336 3407 3552 3484 3508 3368 3430 3355 3343 3437 3406 3517 3510 3507 3432 3515 3526 3540 3498 3421 3424
3684 3689 3738 3844 3894 3800 3858 3776 3767 3786 3732 3829 3880 3766 3865 3827 3734 3634 3815 3700 3710 3749 3791 3653 3664 3714 3872 3835 3761 3777 3674 3783
4066 4041 4147 4009 4069 4032 4150 4115 4163 4097 4098 4048 4137 4120 4198 4043 4144 4075 4058 4080 4031 4159 4131 4090 4100 4045 4063 4112 4174 4082 4063 4132
4433 4486 4361 4369 4415 4565 4498 4425 4356 4385 4479 4432 4462 4456 4479 4278 4459 4487 4461 4392 4366 4424 4507 4492 4468 4507 4256 4471 4420 4576 4646 4433
4862 4801 4870 4840 4761 4732 4739 4711 4873 4727 4815 4732 4852 4805 4751 4782 4815 4769 4737 4785 4712 4781 4683 4806 4798 4835 4792 4840 4863 4829 4888 4758
5194 5195 4996 5196 5012 5076 5220 5224 4956 5058 5112 5141 4950 5082 5186 4971 4969 5056 5101 5104 5092 4860 5103 5080 5186 5081 5182 5212 5239 5184 5136 5046
5402 5344 5444 5391 5457 5418 5400 5469 5409 5414 5327 5316 5385 5400 5512 5452 5338 5410 5302 5275 5395 5420 5472 5410 5360 5445 5539 5401 5314 5474 5497 5340
5631 5764 5733 5677 5562 5634 5675 5565 5713 5618 5660 5560 5696 5644 5589 5594 5570 5571 5601 5634 5495 5569 5598 5691 5543 5593 5752 5694 5531 5625 5648 5626
6002 5818 5939 5898 5837 5881 5860 5864 5861 5798 5802 5855 5841 5873 5824 5936 5929 5746 5676 5887 5980 5848 5862 5658 5842 5663 5757 5945 5888 5857 5965 5912
6003 6083 5877 6073 5930 5999 6100 5980 6023 5928 5962 6041 5927 6011 5889 5840 5732 5921 6014 5834 5937 6142 5810 5883 5902 5832 6016 5786 5808 5966 5880 5846
6017 6064 6100 5829 5959 5961 5954 6051 5995 6010 6114 5989 6177 5954 6110 5887 6028 6104 5870 6024 6058 6080 6024 6058 6045 6128 5983 6066 6085 5970 6083 6086
6170 6042 6151 5929 5926 5997 6061 5978 5867 6024 5987 6047 5940 6082 5952 5971 5927 5946 6008 6029 6129 6037 5974 5942 6188 6090 6101 6039 5976 6070 6162 6091
6008 6014 6090 6080 5966 6027 5854 6086 6011 5819 5955 5957 5897 5912 5883 6078 5967 5889 5884 5995 6151 5968 5858 6197 5985 5948 5903 6037 5979 6011 5965 6003
5892 5913 5911 5962 5843 5917 5948 5909 5862 5895 5968 5846 5910 5929 5964 5911 5878 6104 5863 5819 5802 5953 6001 5919 5944 6004 5948 5805 6016 5936 6024 5870
5802 5761 5891 5979 5952 6045 5748 5738 5953 5784 5977 5744 5805 5941 5777 5800 5783 5882 5816 5796 5917 5768 5922 5824 5844 5937 5895 5914 5862 5746 5908 5731
5856 5859 5841 6019 5796 5840 5878 5874 5707 5922 5881 5872 5895 5864 5913 5786 5741 5877 5701 5827 5823 5870 5857 5820 5717 5788 5938 5945 5772 5916 5840 5889
5857 5930 5889 5918 5953 5845 5853 5854 5850 5848 5716 5776 5883 5902 5736 5831 5907 5767 5895 5985 5950 5728 5816 5820 5699 5866 5838 5937 5674 5881 5821 5870
5891 5767 5988 5833 5953 5841 6009 5873 5755 5951 5680 5849 5910 5893 5840 5881 5866 6000 5971 6023 5786 5944 5862 5938 5914 5966 5899 6097 5917 6080 6086 5975
6054 6152 6040 6039 6007 6026 5968 6008 6060 5980 6123 6010 5968 6004 6101 6022 5951 5984 5983 5786 5970 5925 6052 6073 6021 5918 5940 6016 6062 6026 5976 6107
6090 6231 6206 6175 6245 6023 6174 6142 6269 6054 6193 6279 6193 6108 6128 6193 6173 6171 6225 6301 6064 6220 6239 6078 6044 6225 6087 6070 6184 6092 6310 6176
6366 6243 6197 6485 6467 6443 6352 6410 6310 6273 6353 6255 6298 6342 6233 6339 6383 6341 6375 6293 6434 6252 6174 6354 6341 6350 6301 6303 6409 6549 6310 6260
6597 6591 6560 6415 6507 6455 6389 6438 6453 6383 6443 6537 6315 6367 6437 6522 6534 6411 6456 6398 6474 6464 6513 6504 6449 6553 6478 6431 6697 6664 6393 6599
6609 6707 6767 6589 6758 6579 6662 6702 6741 6472 6711 6739 6672 6754 6685 6673 6536 6645 6609 6610 6546 6634 6643 6716 6451 6554 6564 6565 6701 6717 6864 6692
6868 6931 6830 6815 6862 6873 6717 6870 6667 6719 6853 6642 6733 6880 6688 6855 6651 6790 6877 6748 6703 6789 6730 6808 6633 6819 6698 6769 6812 6684 6933 6876
6982 6941 6761 7086 6899 6973 6956 6751 6937 6951 6894 6960 6816 6946 6848 6997 6909 6970 7020 6894 6953 6818 6915 6915 6857 6899 6974 6961 6942 6912 7141 6906
7115 7029 7113 6992 7193 7016 6965 6976 7260 7125 7082 7047 7017 7032 6929 6996 7022 7042 6965 6976 6916 7016 6901 6983 7092 7178 7171 7126 6876 7062 7155 7170
7161 7098 7052 7208 7145 7258 7126 6947 7179 7144 7151 7050 7083 7144 7055 7082 7208 7076 7042 7015 7036 7111 7062 7196 7088 7106 7192 7076 7051 7199 7226 7267
7265 7165 7261 7035 7251 7218 7201 7218 7244 7223 7306 7324 7164 7198 7265 7021 7149 7152 7296 7170 7356 7116 7340 7189 7230 7139 7354 7346 7187 7298 7325 7321
7332 7267 7421 7322 7369 7251 7443 7265 7228 7346 7261 7382 7236 7249 7218 7235 7300 7278 7181 7353 7161 7345 7171 7201 7224 7177 7246 7393 7213 7458 7476 7246
7386 7342 7479 7350 7485 7342 7302 7408 7391 7389 7309 7465 7235 7302 7450 7201 7338 7414 7246 7268 7358 7310 7286 7336 7369 7409 7443 7430 7462 7315 7575 7449
7516 7372 7522 7454 7428 7445 7409 7314 7499 7324 7510 7408 7377 7370 7391 7492 7466 7455 7377 7126 7361 7406 7472 7405 7542 7431 7433 7490 7515 7520 7446 7463
7399 7535 7388 7522 7301 7371 7590 7393 7512 7464 7407 7313 7305 7376 7383 7479 7547 7457 7411 7402 7351 7333 7425 7449 7441 7343 7404 7616 7518 7505 7705 7530
7697 7533 7618 7599 7368 7563 7383 7442 7543 7475 7578 7526 7491 7364 7415 7478 7355 7632 7437 7716 7401 7428 7469 7401 7520 7495 7529 7459 7497 7592 7443 7625
7490 7670 7795 7593 7714 7636 7565 7564 7580 7338 7527 7445 7484 7431 7472 7510 7507 7608 7517 7504 7474 7471 7457 7347 7640 7489 7429 7673 7469 7621 7683 7492
7378 7687 7601 7719 7619 7434 7785 7674 7496 7469 7396 7349 7442 7570 7558 7417 7465 7509 7383 7559 7554 7680 7542 7594 7527 7563 7655 7705 7643 7574 7551 7575
7684 7783 7515 7670 7679 7607 7558 7569 7580 7500 7611 7643 7640 7488 7523 7529 7459 7661 7517 7507 7505 7484 7481 7448 7421 7671 7755 7725 7618 7716 7882 7540
7647 7764 7552 7646 7667 7638 7595 7560 7638 7593 7572 7353 7627 7581 7542 7530 7608 7516 7512 7593 7403 7529 7451 7548 7540 7693 7610 7632 7626 7892 7560 7725
7676 7761 7591 7650 7586 7617 7649 7604 7586 7475 7640 7469 7578 7470 7474 7435 7630 7531 7752 7751 7562 7551 7582 7557 7586 7630 7620 7619 7692 7760 7807 7760
7610 7704 7786 7593 7853 7582 7646 7638 7567 7537 7788 7466 7542 7693 7530 7465 7511 7542 7428 7506 7773 7653 7755 7627 7618 7736 7647 7712 7747 7851 7719 7632
7759 7722 7664 7672 7818 7677 7697 7476 7599 7681 7624 7693 7755 7600 7591 7664 7599 7772 7795 7622 7521 7597 7654 7747 7577 7543 7725 7746 7750 7661 7631 7705
7748 7593 7778 7727 7714 7677 7710 7609 7738 7559 7557 7585 7703 7478 7574 7745 7582 7720 7600 7569 7656 7582 7603 7558 7637 7671 7639 7765 7774 7838 7939 7667
7753 7730 7788 7699 7770 7654 7627 7677 7691 7678 7865 7587 7612 7648 7590 7622 7676 7621 7786 7599 7583 7511 7671 7712 7644 7681 7571 7717 7782 7735 7817 7684
7777 7626 7685 7735 7693 7781 7573 7724 7439 7583 7618 7659 7567 7638 7613 7493 7536 7516 7602 7273 7584 7655 7536 7549 7627 7640 7642 7640 7637 7787 7624 7757
7784 7749 7674 7634 7433 7500 7543 7739 7633 7513 7500 7604 7573 7499 7463 7456 7408 7585 7449 7627 7528 7626 7504 7529 7709 7558 7695 7595 7703 7659 7751 7711
7752 7607 7387 7715 7559 7632 7583 7506 7409 7590 7546 7485 7451 7388 7510 7620 7556 7617 7658 7448 7447 7478 7517 7442 7478 7566 7769 7604 7712 7679 7581 7661
7656 7700 7612 7526 7525 7418 7570 7563 7531 7558 7426 7498 7452 7464 7495 7245 7506 7419 7492 7398 7591 7488 7381 7591 7516 7707 7487 7608 7555 7481 7419 7725
7599 7430 7513 7512 7394 7502 7283 7416 7569 7552 7489 7406 7382 7427 7401 7331 7340 7339 7488 7406 7455 7408 7378 7398 7292 7569 7359 7556 7429 7533 7653 7708
7681 7549 7373 7504 7407 7566 7456 7451 7489 7349 7334 7475 7297 7431 7320 7256 7349 7373 7457 7317 7384 7446 7469 7410 7313 7361 7462 7500 7495 7639 7693 7561
7357 7373 7346 7393 7568 7448 7337 7271 7325 7234 7443 7304 7315 7230 7255 7428 7322 7294 7254 7309 7458 7247 7305 7190 7357 7272 7445 7429 7377 7409 7523 7428
7428 7287 7432 7487 7441 7127 7337 7464 7164 7297 7209 7489 7370 7260 7241 7203 7328 7261 7189 7171 7345 7124 7156 7403 7298 7312 7271 7314 7428 7378 7442 7382
7422 7195 7176 7328 7166 7322 7336 7310 7229 7237 7163 7280 7440 7280 7153 7244 7260 7029 7319 7043 7297 7169 7163 7123 7294 7125 7271 7262 7372 7397 7340 7540
7476 7072 7420 7256 7168 7144 7157 7118 7143 7199 7045 7116 7085 7129 7216 7297 7082 7036 7324 7124 7145 7238 7299 7148 7371 7330 7113 7322 7315 7284 7250 7232
7206 7266 7218 7240 7232 7188 7261 7060 7132 7334 6923 7160 7100 7132 7131 7198 7064 7119 7095 6997 6955 7168 7270 7246 7193 7167 7269 7151 7354 7123 7130 7242
7260 7136 7245 7058 7148 6916 6972 7055 7045 7038 7130 6922 6950 6981 7064 7104 7032 7166 7045 6939 7107 7165 7048 7124 7181 7249 7180 7262 7219 7191 7068 7217
7118 7106 7051 7164 7086 7069 6974 7058 7058 7034 6977 6972 6948 7111 7092 7056 7019 6916 7094 7007 7013 7076 7033 7082 6992 7199 7272 7098 7279 7173 7326 7219
7067 7153 7134 7054 6922 7148 6981 6989 6953 7054 6992 7085 6950 6914 7072 7000 7028 6966 6865 6925 6954 6888 7010 6969 6979 6943 7118 7147 7165 7088 7109 7014
6999 7081 7092 7176 6898 7128 6937 6961 7067 6896 6799 6903 6782 6945 6766 7043 7009 6967 6904 6859 6854 6816 6912 6989 6951 6959 7048 7060 6991 7041 6951 7099
7066 7090 6995 7001 6938 6868 6997 6886 6948 6775 6774 6901 6957 6853 6999 6843 6827 6887 6827 6913 6830 6776 6890 6761 6953 6721 6957 6790 7096 6966 6970 7032
6849 6857 6959 6956 6946 6965 6950 6824 6683 6809 6801 6773 6769 6810 6786 6704 6685 6823 6758 6651 6810 6822 6961 6796 6866 6876 6855 6982 7005 7064 7020 6920
6920 6858 6723 6855 6898 6908 6765 6767 6900 6759 6664 6661 6697 6673 6794 6799 6730 6749 6809 6810 6742 6725 6806 6809 6842 6830 6835 6804 6938 7013 6952 6964
6836 6923 6805 6782 6832 6851 6884 6736 6676 6647 6773 6726 6612 6746 6775 6696 6721 6620 6754 6820 6835 6821 6636 6662 6702 6876 6966 6769 6851 6898 6794 6879
6686 6901 6902 6793 6627 6687 6622 6645 6677 6705 6525 6724 6524 6523 6663 6734 6490 6622 6546 6581 6555 6510 6653 6864 6751 6824 6597 6895 6883 6738 6831 6819
6732 6669 6716 6547 6703 6729 6561 6715 6621 6629 6634 6596 6524 6685 6569 6580 6499 6389 6550 6691 6719 6561 6541 6674 6628 6606 6777 6741 6723 6873 6758 6786
6670 6792 6595 6525 6585 6582 6431 6665 6491 6462 6725 6410 6489 6491 6566 6463 6497 6524 6445 6503 6474 6546 6567 6590 6439 6630 6648 6761 6611 6741 6721 6694
6686 6629 6517 6424 6545 6428 6499 6558 6553 6585 6458 6414 6473 6435 6349 6440 6450 6357 6344 6393 6526 6407 6339 6357 6691 6469 6355 6728 6830 6627 6621 6585
6508 6603 6675 6553 6366 6498 6412 6550 6456 6314 6346 6463 6449 6441 6371 6325 6364 6370 6324 6421 6472 6348 6361 6356 6497 6606 6480 6509 6307 6449 6616 6558
6459 6435 6488 6375 6540 6393 6385 6453 6333 6205 6266 6444 6348 6292 6380 6299 6377 6400 6380 6274 6409 6301 6266 6220 6498 6399 6368 6504 6546 6593 6423 6648
6408 6449 6536 6447 6312 6344 6389 6334 6279 6288 6247 6235 6232 6352 6226 6218 6297 6224 6103 6318 6090 6214 6293 6150 6519 6445 6357 6429 6522 6297 6495 6555
6212 6453 6356 6349 6343 6182 6185 6302 6259 6097 6284 6134 6285 6211 6315 6258 6044 6136 6083 6117 6165 6084 6297 6194 6346 6234 6377 6476 6286 6382 6258 6329
6273 6326 6221 6234 6137 6086 6274 6065 6216 6035 6181 6151 6169 6080 6090 6093 6107 6167 6196 6203 6258 6157 6200 6347 6101 6211 6237 6107 6346 6358 6171 6236
6296 6379 6314 6329 6163 6254 6089 6225 6198 6066 6118 6033 6182 6271 6068 5865 6037 6057 6115 6117 6038 6039 6038 6206 6112 6101 6157 6139 6336 6254 6137 6225
6209 6157 6183 6195 6032 6122 6010 6075 5859 6073 6117 5901 5997 6037 5917 5999 5896 5953 6021 5946 6022 6109 5911 6052 5931 6084 6042 6147 6053 6351 6063 6247
6178 6115 6009 6065 5945 6027 6099 5960 5851 6015 5935 5962 5932 5939 5973 5999 5845 5716 5982 5838 6038 5977 5944 5955 5924 6211 6067 6006 6164 6095 6146 6060
6035 5829 6039 6114 6018 5919 5960 5972 5722 6053 5945 5854 5733 5878 5836 5746 5861 5921 5909 5905 5769 5985 5922 6023 5920 5937 6071 5985 6103 6044 6031 6011
5871 5885 5879 5970 5760 5873 5732 5875 5822 5726 5790 5862 5715 5742 5758 5824 5802 5900 5842 5738 5959 5791 5700 5781 5770 5910 6051 5720 6086 5925 6105 6084
5744 5928 5747 5874 5765 5936 5838 5703 5774 5639 5756 5629 5614 5871 5855 5667 5817 5789 5707 5716 5767 5761 5544 5837 5941 5754 5712 5897 5907 5777 5924 5913
5928 5830 5836 5819 5888 5797 5584 5672 5675 5704 5605 5636 5679 5538 5566 5639 5678 5480 5664 5626 5613 5579 5731 5677 5803 5778 5640 5757 5831 5921 5829 5816
5715 5874 5809 5739 5681 5740 5492 5658 5728 5551 5555 5548 5680 5469 5589 5425 5498 5492 5522 5513 5592 5611 5617 5600 5666 5754 5775 5852 5791 5802 5749 5702
5591 5693 5634 5610 5673 5577 5637 5490 5563 5436 5576 5495 5439 5419 5541 5512 5590 5505 5473 5517 5489 5599 5513 5547 5437 5672 5541 5648 5620 5670 5783 5703
5622 5533 5689 5587 5619 5562 5454 5507 5494 5395 5486 5335 5385 5390 5463 5340 5159 5516 5578 5427 5312 5404 5380 5503 5529 5568 5526 5660 5764 5560 5602 5480
5585 5447 5591 5410 5443 5520 5556 5313 5349 5400 5241 5400 5240 5185 5294 5232 5296 5366 5173 5397 5213 5266 5322 5351 5505 5350 5471 5553 5480 5420 5630 5526
5473 5538 5437 5440 5307 5432 5411 5267 5284 5297 5354 5349 5316 5188 5413 5170 5310 5109 5272 5341 5217 5305 5259 5276 5343 5458 5343 5374 5586 5549 5662 5612
5377 5380 5278 5488 5268 5452 5330 5205 5355 5254 5270 5247 5298 5126 5202 5162 5171 5181 5112 5304 5053 5262 5158 5258 5243 5292 5341 5168 5337 5392 5404 5377
5148 5260 5240 5201 5268 5180 5156 5159 5116 5144 5223 5132 5118 5081 4990 5112 5061 4967 5051 5093 5071 5065 5250 5161 5084 5295 5253 5231 5408 5405 5282 5167
5269 5188 5292 5274 5249 5222 5156 4949 5146 5108 4991 5051 5041 4912 5110 5100 5079 4982 5012 5042 5005 5073 5035 5168 5222 5123 5171 5340 5270 5220 5320 5287
5181 5181 5196 5176 4939 5193 5065 5059 4938 4989 4870 5084 4975 4991 4898 4935 5013 4925 4866 5004 4986 5035 4969 4993 4950 5162 5140 5078 5148 5216 5154 5243
5225 5106 4947 4970 5060 4923 4878 5008 4993 4964 4938 4913 4890 4813 4790 4798 4826 4914 4848 4959 4904 4899 5083 4783 4946 4983 4906 4984 5045 5172 5055 5070
5033 5033 4846 4989 4886 4899 4917 4885 4879 4867 4814 4788 4793 4774 4865 4846 4627 4687 4828 4900 4840 4692 4796 4723 4898 4863 4912 5034 5007 4968 5178 5070
4953 4888 4942 4858 4900 4836 4783 4760 4785 4729 4772 4793 4790 4814 4813 4647 4633 4604 4678 4719 4643 4779 4717 4655 4947 4781 4907 5025 4908 4854 4979 5001
4933 4921 4879 4762 4660 4829 4726 4695 4628 4627 4626 4677 4765 4709 4689 4483 4518 4694 4614 4778 4622 4646 4632 4809 4761 4781 4792 4874 4970 4829 4875 4999
4711 4704 4864 4748 4633 4533 4731 4622 4553 4635 4501 4547 4655 4564 4540 4448 4549 4507 4554 4478 4629 4656 4599 4664 4690 4716 4754 4788 4825 4555 4805 4673
4686 4726 4609 4577 4771 4661 4609 4651 4499 4655 4429 4539 4531 4571 4529 4576 4443 4504 4554 4548 4545 4464 4538 4536 4495 4728 4511 4713 4895 4785 4777 4671
4628 4678 4524 4739 4658 4403 4501 4508 4555 4432 4416 4336 4418 4438 4474 4342 4386 4359 4379 4376 4443 4450 4437 4608 4558 4629 4666 4595 4536 4689 4780 4778
4462 4581 4591 4499 4624 4402 4437 4466 4463 4286 4283 4368 4328 4344 4382 4428 4385 4333 4378 4298 4335 4355 4405 4483 4435 4442 4590 4604 4536 4513 4682 4662
4457 4433 4494 4620 4468 4523 4396 4326 4353 4370 4225 4197 4344 4269 4275 4323 4382 4285 4269 4179 4338 4281 4344 4352 4361 4422 4567 4463 4580 4496 4570 4481
4470 4315 4277 4328 4392 4372 4289 4275 4265 4277 4316 4297 4260 4279 4262 4059 4147 4263 4141 4272 4194 4150 4293 4171 4245 4363 4415 4507 4457 4405 4478 4463
4325 4214 4261 4182 4423 4292 4211 4240 4336 4330 4096 4190 4068 4172 4026 4127 4211 4065 4088 4192 4023 4145 4128 4189 4239 4309 4341 4317 4396 4428 4467 4477
4335 4215 4354 4272 4150 4207 4130 4231 4107 4301 4064 4037 4044 4030 4105 4193 4087 4016 4059 4201 4139 3974 4105 4087 4113 4191 4246 4353 4178 4289 4374 4352
4150 4189 4282 4254 4209 3971 4264 4099 4025 4094 4043 4046 3962 4064 4032 3928 3940 3953 4052 3997 3913 4041 4071 4114 4169 4196 4125 4208 4156 4206 4343 4184
4181 4201 4102 4058 4289 4115 4039 3931 3981 4027 3982 3983 3984 3972 3942 3943 3950 3908 3909 3942 3985 3925 3932 4018 3972 4147 4164 4131 4185 4163 4277 4162
4105 4182 4056 4119 4151 3998 3959 4045 3937 3912 4003 3850 3947 3885 3889 3907 3859 3902 3924 3800 3860 3887 3811 3955 3821 3981 4006 4073 4052 4202 4223 4060
4056 4004 4072 3963 3862 3944 4000 3875 3860 3785 3840 3842 3906 3764 3866 3847 3768 3808 3929 3821 3800 3831 3993 3984 3908 4077 3905 4056 3979 4012 4072 4123
3936 3987 3975 3989 3963 3968 3911 3883 3814 3727 3776 3807 3780 3827 3891 3748 3821 3683 3800 3766 3755 3749 3839 3936 3916 3895 3828 3948 3959 3924 4036 4026
3973 3987 3886 3825 3774 3848 3843 3768 3729 3633 3776 3724 3668 3667 3649 3713 3596 3563 3719 3742 3793 3711 3807 3849 3737 3757 3901 3835 3889 3949 3940 3869
3857 3808 3892 3764 3860 3738 3740 3703 3665 3709 3624 3691 3597 3620 3721 3641 3546 3611 3655 3689 3621 3630 3749 3702 3765 3854 3879 3725 3907 3896 3925 3791
3794 3718 3800 3658 3774 3642 3666 3649 3738 3645 3715 3585 3671 3617 3543 3556 3584 3600 3514 3584 3589 3637 3723 3645 3642 3686 3746 3782 3749 3849 3869 3875
3688 3737 3687 3650 3612 3652 3546 3557 3471 3714 3531 3490 3536 3509 3660 3399 3540 3463 3601 3516 3574 3599 3457 3697 3663 3644 3737 3737 3795 3781 3698 3818
3854 3641 3626 3574 3680 3659 3516 3488 3553 3451 3465 3499 3379 3365 3403 3482 3410 3461 3455 3485 3462 3552 3446 3544 3606 3637 3654 3580 3672 3678 3724 3601
3649 3587 3713 3535 3549 3545 3647 3477 3434 3488 3458 3448 3455 3396 3371 3428 3310 3376 3419 3461 3471 3409 3441 3478 3623 3493 3719 3697 3701 3576 3661 3676
3666 3565 3644 3423 3375 3372 3428 3527 3385 3405 3397 3307 3264 3335 3333 3367 3268 3370 3249 3301 3379 3382 3449 3419 3460 3462 3499 3487 3569 3574 3542 3719
3540 3469 3381 3428 3407 3302 3273 3473 3396 3370 3260 3368 3299 3234 3247 3296 3255 3320 3318 3273 3169 3403 3242 3337 3362 3332 3444 3426 3448 3515 3525 3514
3365 3396 3433 3509 3339 3209 3271 3271 3345 3237 3259 3227 3321 3140 3216 3292 3227 3271 3120 3280 3235 3243 3197 3299 3306 3374 3358 3385 3405 3396 3438 3533
3426 3292 3170 3280 3307 3398 3161 3219 3185 3138 3073 3182 3163 3121 3162 2989 3097 3225 3077 3152 3206 3194 3205 3143 3238 3283 3366 3382 3360 3407 3316 3382
3298 3292 3326 3161 3133 3183 3185 3041 3270 3228 3095 3134 2960 3044 3090 3099 2989 3021 3069 3063 3053 3240 3221 3224 3138 3203 3170 3270 3264 3240 3269 3242
3180 3268 3136 3288 3100 3136 3069 3093 3080 2989 3002 2903 3025 2998 2957 3045 2985 2906 2977 2876 2878 2949 3017 3099 3101 3184 3105 3212 3128 3323 3226 3226
3174 3055 3209 3066 3029 3057 3060 2960 2994 2941 2888 2975 2970 2889 2956 2886 2960 2831 2923 2958 2874 2938 2930 2904 3061 3062 3119 3105 3214 3181 3079 3223
2996 2992 2994 2882 3013 2960 2970 2915 2891 2852 2896 2953 2856 2897 2907 2812 2868 2772 2837 2864 2854 2900 2932 2874 2955 3065 2924 3078 3036 3131 2945 3076
3050 3022 3036 2887 3008 2921 2920 2777 2778 2760 2819 2777 2813 2780 2798 2793 2838 2787 2808 2801 2811 2803 3030 2775 2907 2943 2929 2885 2986 2985 2994 3033
3030 2829 2868 2853 2880 2696 2833 2837 2779 2745 2774 2753 2723 2827 2731 2615 2644 2757 2737 2682 2638 2711 2879 2754 2860 2870 2864 2868 2874 2847 2952 2846
2896 2799 2831 2829 2871 2809 2693 2666 2686 2670 2712 2688 2645 2671 2602 2652 2706 2784 2735 2701 2732 2657 2687 2748 2819 2828 2900 2940 2871 2891 2860 2884
2868 2813 2764 2673 2733 2776 2735 2597 2595 2693 2684 2588 2588 2599 2589 2602 2616 2653 2552 2660 2663 2595 2620 2699 2668 2752 2707 2807 2883 2744 2813 2728
2834 2720 2698 2720 2691 2630 2648 2567 2525 2557 2643 2615 2551 2560 2491 2558 2562 2444 2584 2573 2618 2445 2647 2641 2673 2674 2692 2752 2736 2817 2951 2825
2696 2640 2720 2685 2635 2661 2584 2523 2509 2622 2563 2589 2522 2577 2489 2598 2478 2461 2550 2480 2535 2474 2549 2645 2696 2680 2754 2677 2743 2719 2685 2765
2713 2702 2633 2659 2638 2480 2565 2536 2438 2528 2467 2504 2499 2557 2555 2368 2410 2432 2405 2454 2460 2528 2558 2550 2552 2645 2671 2760 2656 2698 2666 2702
2630 2600 2607 2559 2554 2529 2431 2474 2485 2540 2466 2432 2381 2414 2452 2400 2425 2425 2400 2357 2413 2515 2481 2386 2520 2506 2634 2673 2660 2699 2695 2567
2626 2571 2576 2497 2418 2472 2444 2410 2451 2402 2452 2398 2392 2309 2408 2373 2383 2407 2306 2439 2372 2353 2362 2509 2460 2541 2540 2490 2596 2647 2627 2637
2517 2488 2491 2533 2398 2432 2459 2396 2366 2394 2423 2378 2375 2287 2333 2279 2303 2342 2319 2362 2363 2333 2370 2438 2434 2469 2570 2598 2545 2561 2564 2551
2575 2518 2491 2513 2485 2409 2415 2409 2348 2300 2373 2328 2302 2261 2392 2329 2353 2302 2322 2322 2265 2370 2285 2391 2468 2398 2513 2374 2550 2564 2545 2586
2568 2467 2413 2440 2427 2361 2396 2332 2391 2250 2352 2332 2366 2285 2243 2322 2260 2235 2243 2322 2243 2340 2275 2337 2414 2465 2513 2447 2420 2530 2548 2559
2409 2521 2495 2308 2365 2401 2346 2364 2309 2332 2226 2236 2315 2335 2212 2279 2258 2190 2218 2210 2214 2264 2239 2282 2350 2399 2410 2428 2518 2463 2409 2541
2470 2353 2364 2371 2326 2324 2303 2298 2218 2142 2172 2174 2192 2216 2214 2203 2153 2217 2201 2170 2262 2302 2328 2288 2397 2287 2321 2396 2366 2450 2523 2443
2350 2405 2286 2327 2334 2265 2265 2196 2188 2230 2097 2241 2095 2134 2260 2160 2119 2103 2166 2198 2220 2261 2252 2167 2327 2354 2424 2219 2399 2367 2415 2334
2298 2320 2261 2317 2262 2183 2234 2213 2221 2174 2173 2101 2110 2152 2109 2090 2122 2097 2124 2139 2121 2262 2139 2160 2205 2259 2352 2358 2368 2300 2323 2361
2317 2253 2259 2207 2280 2265 2276 2192 2134 2148 2161 2162 2068 2087 2122 2102 2075 2107 2082 2136 2058 2197 2187 2121 2252 2197 2331 2234 2289 2309 2340 2316
2302 2217 2260 2183 2200 2140 2108 2119 2095 2111 2153 2042 2105 2043 2090 2087 2064 2058 2114 2113 2044 2093 2174 2159 2102 2216 2245 2303 2213 2346 2294 2323
2246 2235 2233 2123 2085 2213 2150 2078 2116 2018 2066 2015 2070 2014 2017 2032 2046 1974 2048 2023 2106 2143 2082 2099 2125 2164 2202 2198 2158 2334 2269 2254
2206 2261 2131 2092 2031 2161 2067 2066 2010 2045 2001 1999 1979 1924 1982 2036 1979 2023 1929 2011 2006 2002 2144 2004 2109 2072 2079 2179 2246 2139 2260 2209
2114 2096 2046 2095 2056 2047 1953 1983 1998 2007 2025 1988 1855 1951 1939 1932 1952 1954 1935 2010 1943 1972 1978 2025 2088 2097 2087 2166 2153 2153 2223 2146
2059 2079 2061 2060 2036 2027 2065 1957 1919 1973 1933 1898 1928 2007 1903 1818 1877 1867 1942 1946 1981 1908 1959 1939 2030 2076 2090 2073 2098 2117 2126 2134
2060 2023 1977 1950 1961 2012 1959 1938 1872 1884 1881 1825 1846 1862 1947 1866 1744 1826 1859 1843 1900 1827 1879 1974 1929 1975 1882 1994 2111 2059 2060 1993
2000 1987 1912 1921 1928 1890 1815 1831 1917 1864 1881 1867 1819 1814 1800 1826 1795 1761 1745 1794 1828 1814 1866 1891 1866 1932 1904 1951 1957 1976 2041 1993
1854 1904 1895 1908 1902 1851 1803 1781 1742 1756 1755 1777 1740 1768 1705 1765 1707 1714 1772 1754 1773 1773 1798 1819 1792 1836 1920 1816 1967 1886 1911 1923
1825 1768 1801 1752 1790 1774 1786 1781 1676 1700 1646 1703 1653 1710 1683 1677 1665 1683 1618 1704 1690 1615 1649 1676 1746 1786 1770 1818 1861 1816 1802 1884
1800 1725 1772 1773 1657 1673 1682 1668 1672 1580 1641 1639 1660 1613 1561 1579 1619 1618 1629 1585 1652 1655 1634 1689 1666 1719 1755 1808 1796 1770 1793 1768
1712 1726 1586 1636 1637 1674 1598 1645 1594 1604 1579 1555 1509 1449 1570 1547 1559 1522 1516 1565 1563 1575 1604 1554 1648 1703 1780 1760 1634 1733 1762 1768
1580 1645 1645 1610 1578 1577 1564 1503 1502 1498 1451 1486 1460 1473 1421 1462 1431 1483 1479 1503 1468 1509 1473 1545 1618 1676 1625 1626 1675 1670 1661 1601
1523 1532 1582 1512 1583 1576 1463 1533 1444 1457 1442 1415 1367 1448 1434 1472 1425 1449 1446 1376 1448 1464 1449 1455 1516 1575 1596 1619 1579 1628 1645 1618
1536 1511 1488 1481 1436 1495 1455 1448 1405 1450 1409 1409 1390 1358 1382 1397 1369 1349 1369 1415 1412 1375 1406 1413 1505 1501 1473 1537 1572 1582 1462 1584
1482 1529 1531 1474 1485 1403 1351 1408 1364 1376 1312 1315 1419 1299 1295 1307 1347 1362 1331 1393 1348 1408 1443 1453 1470 1529 1573 1530 1554 1520 1482 1546
1479 1432 1408 1450 1405 1438 1398 1306 1352 1331 1304 1279 1257 1350 1295 1287 1246 1261 1317 1286 1305 1330 1396 1361 1374 1328 1399 1459 1489 1481 1520 1509
1430 1351 1389 1375 1329 1341 1314 1310 1318 1330 1310 1331 1249 1280 1272 1304 1300 1218 1269 1317 1243 1335 1321 1347 1364 1375 1407 1404 1437 1450 1420 1402
1382 1321 1354 1369 1366 1345 1339 1259 1234 1219 1233 1301 1235 1219 1251 1162 1246 1169 1201 1222 1251 1230 1250 1374 1295 1318 1406 1416 1361 1440 1416 1357
1381 1316 1345 1328 1318 1239 1315 1247 1312 1233 1196 1290 1234 1203 1153 1172 1208 1218 1191 1249 1235 1222 1265 1258 1289 1312 1366 1320 1466 1373 1471 1340
1375 1295 1259 1333 1232 1276 1254 1206 1248 1178 1179 1176 1198 1201 1154 1189 1144 1200 1185 1224 1207 1222 1195 1285 1266 1283 1245 1299 1283 1352 1331 1391
1301 1387 1255 1244 1292 1279 1251 1212 1254 1133 1163 1140 1134 1168 1140 1163 1118 1191 1120 1216 1191 1150 1264 1287 1277 1290 1285 1347 1262 1301 1269 1333
1298 1275 1286 1270 1207 1208 1179 1177 1160 1139 1124 1118 1167 1116 1115 1096 1139 1166 1116 1161 1162 1126 1187 1269 1272 1199 1343 1289 1268 1234 1303 1284
1267 1231 1249 1221 1203 1243 1178 1199 1203 1211 1206 1156 1030 1136 1120 1115 1090 1046 1118 1097 1129 1109 1116 1167 1150 1170 1192 1276 1292 1286 1288 1239
1207 1240 1262 1193 1136 1109 1098 1151 1149 1154 1087 1141 1079 1079 1045 1109 1117 1135 1054 1101 1094 1126 1175 1189 1219 1163 1224 1177 1295 1290 1256 1208
1212 1186 1113 1117 1136 1189 1144 1129 1145 1109 1099 1120 1057 1047 1010 1036 975 1031 1021 1048 1045 1111 1084 1131 1212 1157 1198 1166 1216 1181 1292 1215
1190 1166 1149 1083 1155 1145 1142 1098 1074 1073 1127 1108 1047 1035 1046 1038 1046 1027 971 1048 1005 1021 1087 1073 1126 1171 1246 1168 1160 1209 1197 1230
1166 1085 1118 1108 1137 1023 1049 1046 1044 1020 969 1017 988 1066 1035 1008 968 1044 1044 1008 1019 1073 1070 1083 1076 1126 1158 1123 1208 1229 1183 1206
1184 1026 1078 1074 1090 1001 1042 1050 994 1031 1007 1032 962 957 978 973 980 1000 969 1024 1007 1002 1090 1030 1022 1088 1140 1162 1121 1137 1087 1110
1132 1133 1102 1071 1023 1043 1017 1014 1029 944 960 985 923 927 934 898 999 970 955 1023 988 950 1004 1090 1107 1039 1137 1086 1101 1099 1117 1126
1098 1069 1062 1097 1052 1002 1014 946 1017 998 973 947 1007 1002 1000 962 921 946 972 986 1004 916 986 1022 1098 1063 1152 1134 1093 1120 1132 1072
1057 1012 1058 1006 1045 951 937 990 980 1023 922 917 948 985 960 919 980 907 997 916 992 946 979 946 988 1010 997 1025 1151 1089 1082 1105
960 1060 1027 1013 971 1019 984 983 937 922 943 870 857 893 899 908 911 911 910 866 900 904 934 979 948 1057 1055 1034 1076 1085 1048 1002
1057 1009 1032 999 998 958 930 917 947 941 937 848 851 900 875 962 873 914 938 915 955 883 925 957 954 1051 1026 990 999 1070 1086 1021
1023 988 982 999 978 880 975 909 894 909 850 875 910 866 800 843 865 891 870 893 860 862 887 911 982 978 1027 1008 1013 1021 959 1008
961 979 972 957 932 955 870 900 894 857 888 880 861 828 809 808 824 868 793 858 867 868 852 895 897 948 933 975 1020 1004 990 957
888 948 934 890 933 900 916 886 884 875 815 812 840 796 823 832 806 832 796 824 831 877 860 883 902 912 944 1008 980 1051 990 1014
912 936 946 910 875 869 857 829 866 845 806 846 839 847 822 783 837 870 798 818 846 793 930 870 897 886 917 924 939 946 919 894
943 842 971 921 873 834 856 768 811 853 843 788 740 802 761 723 768 781 801 799 781 746 802 795 894 866 900 896 937 873 954 948
879 869 923 898 790 850 810 806 780 784 772 802 818 845 773 776 747 768 757 776 818 796 777 843 840 838 908 880 917 930 935 876
858 808 821 802 800 803 771 728 725 754 766 754 739 713 733 722 740 653 743 747 775 786 776 791 893 843 817 839 864 884 928 868
808 844 873 812 748 783 813 718 720 749 662 729 703 658 738 668 733 701 737 751 727 779 769 773 750 824 828 837 891 873 898 842
808 786 781 745 747 745 774 742 731 697 714 643 711 680 702 679 642 642 730 714 700 708 807 743 779 779 795 810 835 847 879 801
774 739 757 758 724 714 751 719 670 673 638 665 686 665 661 645 714 663 686 638 654 686 630 702 730 788 800 788 791 832 791 828
787 701 682 700 698 681 650 688 641 611 622 674 635 632 604 648 620 629 678 657 649 628 707 716 702 703 732 740 754 743 728 677
708 756 678 676 656 662 603 628 589 630 655 576 582 593 599 560 663 624 594 596 585 694 642 642 685 721 717 664 705 691 767 719
737 641 634 652 632 648 612 627 601 576 591 603 617 579 566 558 528 613 528 561 530 622 632 587 632 605 721 672 674 705 688 704
659 656 625 633 590 547 583 596 576 541 551 565 527 524 546 554 544 512 518 537 563 564 573 584 572 624 643 657 643 626 666 602
567 633 568 535 508 550 549 525 572 513 487 523 490 503 504 507 512 473 498 509 489 498 521 538 542 571 577 628 643 621 613 577
553 536 536 516 545 522 504 475 504 499 482 495 526 491 484 472 480 456 456 479 490 504 509 482 536 519 533 517 569 570 557 567
526 553 504 506 486 480 478 463 449 467 442 503 444 410 435 448 434 434 455 431 485 468 511 461 482 536 501 562 586 534 539 516
494 494 496 477 505 450 448 457 448 426 409 411 396 435 417 411 407 414 458 436 451 442 466 402 458 488 492 515 539 530 501 525
501 430 451 457 465 447 403 403 431 411 414 357 393 375 419 375 407 391 416 361 396 406 402 405 439 447 452 434 531 474 510 441
434 426 438 427 386 410 405 401 408 374 342 381 364 383 371 357 359 363 397 413 387 403 420 423 434 424 432 440 470 440 442 417
459 410 390 411 394 399 375 376 357 381 336 364 355 341 362 326 348 339 353 373 334 389 383 382 384 425 451 422 455 434 430 416
437 403 413 382 446 385 345 312 357 374 347 344 336 345 347 297 329 340 333 329 343 359 346 354 385 383 416 380 433 432 429 430
360 399 359 373 362 365 362 373 360 351 340 359 372 305 310 314 327 315 331 327 311 339 333 342 343 392 378 391 385 420 388 418
425 394 370 411 351 303 352 343 287 344 293 343 298 288 318 303 304 281 334 317 332 361 345 338 343 380 393 357 429 394 363 369
379 339 350 332 331 337 332 332 344 282 302 322 276 271 303 288 269 321 326 316 339 293 306 339 362 315 347 358 359 360 383 386
348 329 370 371 307 340 303 321 317 299 299 324 289 279 285 290 324 252 281 276 329 308 305 318 347 307 363 373 344 351 334 383
336 349 330 303 323 324 325 301 316 305 285 278 291 302 271 283 267 255 269 281 266 272 317 327 323 361 360 313 318 343 339 372
340 347 345 337 324 311 305 286 281 293 284 251 292 286 268 267 319 261 276 301 301 310 323 326 294 347 335 344 361 354 337 367
351 336 291 315 315 303 311 271 279 276 272 285 292 284 284 253 285 271 264 260 250 291 308 273 301 312 317 346 354 345 339 347
309 299 290 278 291 310 283 270 277 271 270 289 264 261 275 275 263 261 273 299 290 268 286 267 295 305 315 330 350 323 341 338
337 274 303 307 336 277 287 286 253 291 275 278 248 287 258 251 269 260 232 290 285 272 263 294 287 308 306 280 334 311 313 353
299 301 310 316 268 306 288 263 263 275 275 267 281 255 272 259 254 293 229 298 270 261 301 251 296 311 316 301 322 322 341 370
364 311 281 303 300 252 272 268 290 282 247 232 252 262 245 228 261 266 221 259 251 257 300 311 288 322 323 327 326 335 322 352
306 298 298 304 297 300 270 274 259 290 284 255 254 249 259 241 249 223 264 252 256 276 272 295 302 296 325 298 335 327 328 332
307 299 327 296 268 249 266 262 270 296 222 273 247 228 263 260 241 239 255 244 230 268 297 301 261 311 312 322 332 338 316 324
304 322 286 281 297 279 236 232 264 271 258 279 280 251 264 253 223 231 268 249 268 246 261 304 304 286 305 292 329 304 314 354
308 312 274 290 275 299 278 275 276 269 229 236 237 238 262 248 233 245 236 245 245 258 279 278 258 303 297 327 279 338 292 303
318 285 270 314 292 266 265 253 245 282 224 258 219 248 256 221 224 219 245 255 268 265 255 262 307 272 293 287 305 267 307 306
272 292 252 251 235 275 265 249 258 245 256 245 227 215 216 241 219 233 218 290 256 270 224 261 268 283 298 285 306 290 288 286
288 292 259 280 282 271 247 253 226 248 222 218 220 218 204 239 215 238 239 248 262 251 290 257 271 280 324 295 300 293 313 301
323 281 264 273 318 278 245 241 257 251 244 214 215 218 228 227 232 234 215 216 229 252 254 225 277 258 274 282 306 292 301 288
278 274 278 270 282 260 260 248 232 227 253 249 219 222 218 207 211 196 228 236 226 236 266 278 265 292 296 302 272 299 275 303
259 266 277 230 250 254 230 244 213 227 224 229 208 226 231 214 252 230 212 232 229 240 249 249 270 273 250 280 294 305 279 329
289 295 226 273 269 286 207 193 245 256 210 219 233 210 201 221 196 222 240 219 234 237 220 250 260 257 271 260 256 268 303 271
268 278 256 234 237 245 234 230 221 224 202 208 204 206 217 211 197 210 233 194 231 226 237 237 231 262 267 259 262 260 278 267
249 262 237 238 251 225 214 222 228 229 212 207 208 243 220 197 210 195 227 214 219 223 239 248 224 289 244 284 294 287 279 278
263 272 262 258 230 219 232 231 237 203 241 216 209 194 210 196 205 244 173 176 205 202 244 222 231 288 234 278 279 316 267 245
244 234 223 270 238 236 208 246 231 213 215 197 199 220 205 195 196 205 223 179 190 192 239 230 247 251 257 272 266 292 262 277
263 245 270 229 219 228 227 229 224 216 198 212 201 204 183 184 166 185 224 172 209 216 204 232 254 249 277 270 253 249 238 256
263 268 228 241 230 210 232 194 202 212 214 195 197 210 195 187 185 182 221 217 201 223 219 218 229 241 253 249 293 253 249 253
237 239 237 232 229 209 227 235 207 218 189 181 183 189 181 195 181 200 205 185 188 217 204 214 238 239 255 240 298 247 257 271
240 249 270 195 222 219 209 178 204 196 196 203 196 180 163 205 172 195 187 190 205 186 192 202 232 243 239 205 230 243 256 230
230 246 205 209 203 208 206 208 212 214 189 158 180 190 164 178 171 188 156 180 183 184 205 212 221 259 234 262 235 255 267 256
256 253 203 227 215 216 196 235 198 176 181 179 189 193 180 183 216 172 195 180 185 195 187 241 208 243 193 257 233 210 232 288
237 200 207 209 219 214 206 184 199 195 168 176 188 171 171 147 172 191 186 188 201 203 192 210 234 237 212 230 241 261 242 260
232 211 197 226 189 184 187 209 185 178 172 182 158 165 166 160 171 165 181 167 181 184 171 180 209 214 200 224 229 241 246 240
230 243 190 207 220 200 191 159 170 180 169 159 165 177 144 152 157 149 176 178 175 192 187 182 212 204 213 220 225 220 226 234
231 243 220 218 184 195 171 152 184 178 146 181 167 151 162 161 162 170 194 147 194 161 181 201 188 229 221 226 217 234 204 232
208 210 219 204 195 196 174 168 165 169 150 140 174 156 168 183 172 168 158 145 177 152 196 188 202 225 224 213 229 222 228 206
214 182 199 201 175 181 196 161 150 189 175 155 164 152 153 162 145 135 158 163 150 172 180 196 210 196 218 226 252 218 226 179
197 198 185 208 175 169 161 161 178 171 155 159 156 162 159 144 171 137 151 180 175 169 158 181 209 187 188 190 198 209 223 200
200 201 176 190 177 167 162 169 165 142 150 156 167 130 133 136 150 140 169 151 138 165 166 189 199 202 177 201 223 221 238 199
193 177 166 178 180 157 189 160 163 160 152 139 124 148 118 140 135 146 158 146 146 156 168 169 182 209 202 206 203 212 199 194
180 181 160 155 149 144 151 164 141 153 146 142 145 156 133 129 146 147 140 146 154 131 153 185 168 197 199 218 197 189 217 191
192 164 158 203 156 155 161 184 155 146 125 138 147 136 126 153 115 150 157 136 149 161 153 152 161 185 159 203 172 226 186 205
190 169 165 158 157 157 157 174 136 152 128 132 137 135 134 142 154 137 128 125 123 154 168 164 155 194 172 200 193 205 182 167
148 153 169 183 153 134 151 126 139 132 124 134 133 113 122 137 125 129 154 116 143 160 161 152 175 156 180 201 170 188 175 168
163 171 163 160 156 145 158 158 140 125 117 147 125 121 143 146 124 139 124 136 121 140 126 146 155 179 179 154 191 162 169 154
164 147 200 168 182 144 133 148 134 136 116 143 120 125 126 132 130 115 135 126 131 126 153 147 131 172 156 177 190 172 189 165
155 168 161 167 141 148 154 131 153 116 127 120 115 119 122 123 119 115 125 140 134 149 138 135 137 159 168 154 151 169 185 199
153 147 166 162 162 140 145 114 135 135 117 117 122 143 117 97 120 121 122 114 131 115 155 164 155 154 169 177 161 133 163 154
170 154 157 149 162 133 119 131 133 122 128 128 111 105 121 104 116 111 115 111 135 144 136 136 169 135 165 175 166 133 156 159
154 167 158 129 151 146 166 147 137 107 139 130 121 113 116 112 114 101 99 119 136 104 148 154 138 151 143 149 181 148 169 137
139 157 145 137 149 119 134 136 123 135 116 110 93 113 109 103 89 94 109 122 109 118 126 131 142 146 134 156 144 155 164 186
164 140 146 147 145 132 107 132 114 131 103 89 105 103 105 112 107 100 114 108 107 112 124 140 149 186 158 133 141 143 177 162
143 139 158 135 99 116 123 122 106 103 101 129 102 118 100 99 100 118 101 126 116 132 156 126 146 152 147 172 147 157 138 168
156 161 125 151 111 120 136 121 101 100 117 71 115 99 97 97 103 94 104 103 128 115 122 124 132 150 168 143 168 154 169 147
141 159 133 134 138 126 105 135 104 103 108 96 109 101 104 103 112 109 110 109 105 114 110 117 148 139 146 150 162 141 156 150
146 134 153 120 140 122 123 120 119 112 108 83 123 101 89 111 94 96 101 112 112 105 144 121 149 152 135 148 144 142 163 135
153 135 154 131 134 114 126 109 117 92 98 109 95 86 96 104 104 104 103 104 99 89 102 136 115 124 147 152 156 153 159 125
117 143 120 108 118 114 132 103 119 105 110 107 106 79 82 106 97 88 81 89 93 106 118 133 119 132 152 119 161 154 155 132
146 132 142 146 105 107 123 105 117 119 100 102 92 97 87 94 109 94 114 110 99 129 118 151 137 146 138 125 124 137 164 120
134 148 132 112 111 105 112 116 88 110 101 105 114 102 98 105 91 96 97 86 102 104 107 116 125 128 152 141 142 161 140 149
133 138 111 105 117 94 109 86 114 104 110 82 105 71 93 92 95 93 99 104 108 78 114 118 128 131 141 118 119 139 126 130
135 123 120 123 108 121 103 78 97 91 106 84 93 93 95 91 84 84 97 104 94 92 105 112 147 128 115 133 131 124 144 126
110 141 123 119 114 110 117 82 89 84 87 87 78 71 83 89 86 93 90 94 100 98 101 124 117 129 139 140 138 145 128 131
124 147 112 108 116 113 116 89 81 92 105 83 88 80 85 90 85 76 86 73 104 88 104 119 114 122 142 145 137 156 129 122
129 113 119 124 97 101 100 98 105 90 88 92 82 81 80 83 79 75 95 67 82 92 121 108 117 127 152 135 107 151 142 124
123 125 104 137 109 103 91 98 99 108 92 87 81 86 73 74 72 79 81 79 105 96 86 137 116 117 107 133 122 125 111 106
112 94 93 121 109 81 100 95 87 71 80 85 71 65 74 67 78 78 85 66 84 114 75 110 106 114 94 106 107 130 124 104
116 100 111 93 113 107 101 86 85 77 81 90 87 75 78 69 68 83 72 96 81 76 108 114 114 105 121 121 111 132 117 125
110 107 112 104 112 93 96 87 81 75 76 95 89 74 80 62 76 74 75 74 84 88 103 95 89 136 120 121 134 127 129 138
