20 0.000000 78
20 0.031250 69
20 0.062500 64
20 0.093750 47
20 0.125000 52
20 0.156250 45
20 0.187500 39
20 0.218750 29
20 0.250000 22
20 0.281250 14
20 0.312500 11
20 0.343750 12
20 0.375000 3
20 0.406250 3
20 0.437500 0
20 0.468750 0
20 0.500000 0
20 0.531250 0
20 0.562500 0
20 0.593750 0
20 0.625000 4
20 0.656250 5
20 0.687500 17
20 0.718750 31
20 0.750000 42
20 0.781250 50
20 0.812500 55
20 0.843750 75
20 0.875000 97
20 0.906250 83
20 0.937500 80
20 0.968750 86
21 0.000000 117
21 0.031250 120
21 0.062500 110
21 0.093750 85
21 0.125000 92
21 0.156250 83
21 0.187500 74
21 0.218750 47
21 0.250000 42
21 0.281250 25
21 0.312500 20
21 0.343750 15
21 0.375000 9
21 0.406250 2
21 0.437500 1
21 0.468750 0
21 0.500000 0
21 0.531250 0
21 0.562500 0
21 0.593750 4
21 0.625000 7
21 0.656250 5
21 0.687500 29
21 0.718750 39
21 0.750000 69
21 0.781250 86
21 0.812500 105
21 0.843750 101
21 0.875000 147
21 0.906250 130
21 0.937500 140
21 0.968750 138
22 0.000000 221
22 0.031250 192
22 0.062500 198
22 0.093750 176
22 0.125000 143
22 0.156250 126
22 0.187500 97
22 0.218750 82
22 0.250000 62
22 0.281250 48
22 0.312500 35
22 0.343750 19
22 0.375000 7
22 0.406250 3
22 0.437500 0
22 0.468750 0
22 0.500000 0
22 0.531250 0
22 0.562500 0
22 0.593750 1
22 0.625000 9
22 0.656250 27
22 0.687500 48
22 0.718750 64
22 0.750000 91
22 0.781250 133
22 0.812500 173
22 0.843750 193
22 0.875000 226
22 0.906250 235
22 0.937500 218
22 0.968750 212
23 0.000000 317
23 0.031250 320
23 0.062500 273
23 0.093750 259
23 0.125000 210
23 0.156250 195
23 0.187500 126
23 0.218750 120
23 0.250000 112
23 0.281250 68
23 0.312500 51
23 0.343750 27
23 0.375000 13
23 0.406250 8
23 0.437500 2
23 0.468750 0
23 0.500000 0
23 0.531250 0
23 0.562500 1
23 0.593750 3
23 0.625000 10
23 0.656250 30
23 0.687500 58
23 0.718750 108
23 0.750000 151
23 0.781250 194
23 0.812500 248
23 0.843750 303
23 0.875000 291
23 0.906250 328
23 0.937500 356
23 0.968750 332
24 0.000000 462
24 0.031250 400
24 0.062500 332
24 0.093750 329
24 0.125000 304
24 0.156250 249
24 0.187500 218
24 0.218750 174
24 0.250000 134
24 0.281250 108
24 0.312500 70
24 0.343750 35
24 0.375000 16
24 0.406250 8
24 0.437500 3
24 0.468750 0
24 0.500000 0
24 0.531250 0
24 0.562500 1
24 0.593750 6
24 0.625000 15
24 0.656250 52
24 0.687500 89
24 0.718750 138
24 0.750000 210
24 0.781250 267
24 0.812500 367
24 0.843750 398
24 0.875000 419
24 0.906250 469
24 0.937500 468
24 0.968750 429
25 0.000000 597
25 0.031250 533
25 0.062500 502
25 0.093750 495
25 0.125000 421
25 0.156250 356
25 0.187500 260
25 0.218750 227
25 0.250000 163
25 0.281250 135
25 0.312500 93
25 0.343750 52
25 0.375000 25
25 0.406250 9
25 0.437500 2
25 0.468750 0
25 0.500000 0
25 0.531250 0
25 0.562500 0
25 0.593750 11
25 0.625000 22
25 0.656250 67
25 0.687500 108
25 0.718750 204
25 0.750000 282
25 0.781250 378
25 0.812500 466
25 0.843750 527
25 0.875000 543
25 0.906250 655
25 0.937500 623
25 0.968750 628
26 0.000000 762
26 0.031250 654
26 0.062500 667
26 0.093750 580
26 0.125000 481
26 0.156250 417
26 0.187500 355
26 0.218750 261
26 0.250000 239
26 0.281250 143
26 0.312500 115
26 0.343750 47
26 0.375000 37
26 0.406250 8
26 0.437500 4
26 0.468750 1
26 0.500000 0
26 0.531250 0
26 0.562500 0
26 0.593750 17
26 0.625000 31
26 0.656250 76
26 0.687500 161
26 0.718750 273
26 0.750000 402
26 0.781250 479
26 0.812500 514
26 0.843750 671
26 0.875000 676
26 0.906250 749
26 0.937500 788
26 0.968750 749
27 0.000000 865
27 0.031250 884
27 0.062500 735
27 0.093750 648
27 0.125000 588
27 0.156250 535
27 0.187500 486
27 0.218750 326
27 0.250000 273
27 0.281250 176
27 0.312500 136
27 0.343750 82
27 0.375000 35
27 0.406250 16
27 0.437500 4
27 0.468750 0
27 0.500000 0
27 0.531250 0
27 0.562500 5
27 0.593750 8
27 0.625000 43
27 0.656250 82
27 0.687500 197
27 0.718750 338
27 0.750000 462
27 0.781250 587
27 0.812500 758
27 0.843750 843
27 0.875000 859
27 0.906250 875
27 0.937500 918
27 0.968750 928
28 0.000000 1077
28 0.031250 991
28 0.062500 896
28 0.093750 840
28 0.125000 744
28 0.156250 641
28 0.187500 551
28 0.218750 389
28 0.250000 291
28 0.281250 245
28 0.312500 165
28 0.343750 93
28 0.375000 50
28 0.406250 13
28 0.437500 4
28 0.468750 0
28 0.500000 0
28 0.531250 0
28 0.562500 0
28 0.593750 9
28 0.625000 41
28 0.656250 118
28 0.687500 215
28 0.718750 375
28 0.750000 523
28 0.781250 651
28 0.812500 800
28 0.843750 930
28 0.875000 1014
28 0.906250 1135
28 0.937500 1133
28 0.968750 1132
29 0.000000 1168
29 0.031250 1182
29 0.062500 1024
29 0.093750 963
29 0.125000 803
29 0.156250 720
29 0.187500 567
29 0.218750 491
29 0.250000 361
29 0.281250 276
29 0.312500 149
29 0.343750 112
29 0.375000 52
29 0.406250 18
29 0.437500 4
29 0.468750 0
29 0.500000 0
29 0.531250 0
29 0.562500 0
29 0.593750 12
29 0.625000 60
29 0.656250 135
29 0.687500 278
29 0.718750 431
29 0.750000 591
29 0.781250 793
29 0.812500 992
29 0.843750 1108
29 0.875000 1250
29 0.906250 1216
29 0.937500 1249
29 0.968750 1270
30 0.000000 1365
30 0.031250 1286
30 0.062500 1209
30 0.093750 1154
30 0.125000 911
30 0.156250 786
30 0.187500 636
30 0.218750 501
30 0.250000 396
30 0.281250 328
30 0.312500 166
30 0.343750 106
30 0.375000 63
30 0.406250 21
30 0.437500 3
30 0.468750 0
30 0.500000 0
30 0.531250 0
30 0.562500 1
30 0.593750 21
30 0.625000 63
30 0.656250 161
30 0.687500 297
30 0.718750 483
30 0.750000 711
30 0.781250 871
30 0.812500 1103
30 0.843750 1169
30 0.875000 1382
30 0.906250 1402
30 0.937500 1444
30 0.968750 1398
31 0.000000 1651
31 0.031250 1475
31 0.062500 1326
31 0.093750 1175
31 0.125000 1067
31 0.156250 955
31 0.187500 768
31 0.218750 624
31 0.250000 443
31 0.281250 345
31 0.312500 220
31 0.343750 127
31 0.375000 80
31 0.406250 30
31 0.437500 3
31 0.468750 0
31 0.500000 0
31 0.531250 0
31 0.562500 3
31 0.593750 16
31 0.625000 69
31 0.656250 178
31 0.687500 330
31 0.718750 570
31 0.750000 814
31 0.781250 1012
31 0.812500 1247
31 0.843750 1388
31 0.875000 1500
31 0.906250 1637
31 0.937500 1667
31 0.968750 1556
32 0.000000 1766
32 0.031250 1638
32 0.062500 1454
32 0.093750 1356
32 0.125000 1099
32 0.156250 1014
32 0.187500 859
32 0.218750 718
32 0.250000 500
32 0.281250 402
32 0.312500 239
32 0.343750 138
32 0.375000 76
32 0.406250 34
32 0.437500 4
32 0.468750 0
32 0.500000 0
32 0.531250 0
32 0.562500 1
32 0.593750 19
32 0.625000 81
32 0.656250 209
32 0.687500 374
32 0.718750 589
32 0.750000 865
32 0.781250 1125
32 0.812500 1422
32 0.843750 1619
32 0.875000 1741
32 0.906250 1745
32 0.937500 1830
32 0.968750 1745
33 0.000000 1795
33 0.031250 1816
33 0.062500 1684
33 0.093750 1393
33 0.125000 1310
33 0.156250 1077
33 0.187500 916
33 0.218750 754
33 0.250000 550
33 0.281250 427
33 0.312500 269
33 0.343750 173
33 0.375000 75
33 0.406250 34
33 0.437500 2
33 0.468750 0
33 0.500000 0
33 0.531250 0
33 0.562500 2
33 0.593750 13
33 0.625000 87
33 0.656250 203
33 0.687500 384
33 0.718750 634
33 0.750000 934
33 0.781250 1225
33 0.812500 1455
33 0.843750 1710
33 0.875000 1822
33 0.906250 1945
33 0.937500 1998
33 0.968750 1990
34 0.000000 2071
34 0.031250 1891
34 0.062500 1739
34 0.093750 1600
34 0.125000 1376
34 0.156250 1164
34 0.187500 974
34 0.218750 777
34 0.250000 599
34 0.281250 435
34 0.312500 275
34 0.343750 156
34 0.375000 92
34 0.406250 35
34 0.437500 7
34 0.468750 0
34 0.500000 0
34 0.531250 0
34 0.562500 0
34 0.593750 11
34 0.625000 105
34 0.656250 214
34 0.687500 429
34 0.718750 684
34 0.750000 1040
34 0.781250 1322
34 0.812500 1606
34 0.843750 1844
34 0.875000 1907
34 0.906250 2084
34 0.937500 2123
34 0.968750 2138
35 0.000000 2131
35 0.031250 2072
35 0.062500 1874
35 0.093750 1755
35 0.125000 1513
35 0.156250 1329
35 0.187500 1069
35 0.218750 844
35 0.250000 612
35 0.281250 479
35 0.312500 290
35 0.343750 163
35 0.375000 83
35 0.406250 48
35 0.437500 7
35 0.468750 0
35 0.500000 0
35 0.531250 0
35 0.562500 1
35 0.593750 26
35 0.625000 114
35 0.656250 229
35 0.687500 482
35 0.718750 773
35 0.750000 1073
35 0.781250 1351
35 0.812500 1660
35 0.843750 1957
35 0.875000 2165
35 0.906250 2147
35 0.937500 2292
35 0.968750 2171
36 0.000000 2230
36 0.031250 2132
36 0.062500 1985
36 0.093750 1863
36 0.125000 1564
36 0.156250 1331
36 0.187500 1107
36 0.218750 949
36 0.250000 635
36 0.281250 471
36 0.312500 309
36 0.343750 189
36 0.375000 110
36 0.406250 48
36 0.437500 9
36 0.468750 0
36 0.500000 0
36 0.531250 0
36 0.562500 7
36 0.593750 21
36 0.625000 101
36 0.656250 256
36 0.687500 495
36 0.718750 782
36 0.750000 1150
36 0.781250 1485
36 0.812500 1769
36 0.843750 2024
36 0.875000 2194
36 0.906250 2389
36 0.937500 2426
36 0.968750 2378
37 0.000000 2449
37 0.031250 2291
37 0.062500 2013
37 0.093750 1827
37 0.125000 1662
37 0.156250 1420
37 0.187500 1121
37 0.218750 957
37 0.250000 735
37 0.281250 543
37 0.312500 345
37 0.343750 215
37 0.375000 124
37 0.406250 29
37 0.437500 8
37 0.468750 0
37 0.500000 0
37 0.531250 0
37 0.562500 1
37 0.593750 22
37 0.625000 97
37 0.656250 230
37 0.687500 540
37 0.718750 867
37 0.750000 1204
37 0.781250 1575
37 0.812500 1862
37 0.843750 2136
37 0.875000 2340
37 0.906250 2436
37 0.937500 2504
37 0.968750 2553
38 0.000000 2557
38 0.031250 2439
38 0.062500 2078
38 0.093750 1908
38 0.125000 1736
38 0.156250 1409
38 0.187500 1261
38 0.218750 929
38 0.250000 761
38 0.281250 524
38 0.312500 345
38 0.343750 184
38 0.375000 103
38 0.406250 32
38 0.437500 3
38 0.468750 0
38 0.500000 0
38 0.531250 0
38 0.562500 3
38 0.593750 27
38 0.625000 125
38 0.656250 267
38 0.687500 562
38 0.718750 896
38 0.750000 1315
38 0.781250 1654
38 0.812500 2036
38 0.843750 2254
38 0.875000 2424
38 0.906250 2599
38 0.937500 2656
38 0.968750 2662
39 0.000000 2571
39 0.031250 2423
39 0.062500 2216
39 0.093750 1979
39 0.125000 1783
39 0.156250 1450
39 0.187500 1245
39 0.218750 971
39 0.250000 792
39 0.281250 531
39 0.312500 372
39 0.343750 179
39 0.375000 132
39 0.406250 47
39 0.437500 8
39 0.468750 0
39 0.500000 0
39 0.531250 0
39 0.562500 1
39 0.593750 31
39 0.625000 123
39 0.656250 344
39 0.687500 588
39 0.718750 959
39 0.750000 1297
39 0.781250 1661
39 0.812500 2008
39 0.843750 2381
39 0.875000 2588
39 0.906250 2741
39 0.937500 2765
39 0.968750 2651
40 0.000000 2674
40 0.031250 2548
40 0.062500 2364
40 0.093750 2106
40 0.125000 1764
40 0.156250 1488
40 0.187500 1270
40 0.218750 1052
40 0.250000 777
40 0.281250 576
40 0.312500 413
40 0.343750 222
40 0.375000 113
40 0.406250 53
40 0.437500 9
40 0.468750 0
40 0.500000 0
40 0.531250 0
40 0.562500 5
40 0.593750 19
40 0.625000 125
40 0.656250 299
40 0.687500 570
40 0.718750 953
40 0.750000 1375
40 0.781250 1690
40 0.812500 2177
40 0.843750 2384
40 0.875000 2708
40 0.906250 2898
40 0.937500 2845
40 0.968750 2826
41 0.000000 2821
41 0.031250 2669
41 0.062500 2400
41 0.093750 2212
41 0.125000 1813
41 0.156250 1603
41 0.187500 1359
41 0.218750 1080
41 0.250000 826
41 0.281250 618
41 0.312500 383
41 0.343750 244
41 0.375000 137
41 0.406250 54
41 0.437500 8
41 0.468750 0
41 0.500000 0
41 0.531250 0
41 0.562500 2
41 0.593750 29
41 0.625000 110
41 0.656250 291
41 0.687500 628
41 0.718750 979
41 0.750000 1413
41 0.781250 1909
41 0.812500 2156
41 0.843750 2531
41 0.875000 2842
41 0.906250 2835
41 0.937500 2913
41 0.968750 2898
42 0.000000 3012
42 0.031250 2689
42 0.062500 2507
42 0.093750 2266
42 0.125000 1912
42 0.156250 1722
42 0.187500 1472
42 0.218750 1096
42 0.250000 826
42 0.281250 582
42 0.312500 410
42 0.343750 279
42 0.375000 116
42 0.406250 55
42 0.437500 8
42 0.468750 0
42 0.500000 0
42 0.531250 0
42 0.562500 1
42 0.593750 33
42 0.625000 147
42 0.656250 353
42 0.687500 637
42 0.718750 1035
42 0.750000 1448
42 0.781250 1922
42 0.812500 2278
42 0.843750 2592
42 0.875000 2934
42 0.906250 3092
42 0.937500 3003
42 0.968750 3038
43 0.000000 3042
43 0.031250 2882
43 0.062500 2608
43 0.093750 2417
43 0.125000 2043
43 0.156250 1755
43 0.187500 1446
43 0.218750 1155
43 0.250000 890
43 0.281250 674
43 0.312500 425
43 0.343750 251
43 0.375000 128
43 0.406250 47
43 0.437500 10
43 0.468750 0
43 0.500000 0
43 0.531250 0
43 0.562500 4
43 0.593750 38
43 0.625000 138
43 0.656250 318
43 0.687500 663
43 0.718750 1121
43 0.750000 1504
43 0.781250 1938
43 0.812500 2323
43 0.843750 2727
43 0.875000 2958
43 0.906250 3238
43 0.937500 3103
43 0.968750 3160
44 0.000000 3255
44 0.031250 3021
44 0.062500 2601
44 0.093750 2424
44 0.125000 2120
44 0.156250 1816
44 0.187500 1471
44 0.218750 1155
44 0.250000 893
44 0.281250 688
44 0.312500 425
44 0.343750 227
44 0.375000 122
44 0.406250 40
44 0.437500 6
44 0.468750 0
44 0.500000 0
44 0.531250 0
44 0.562500 6
44 0.593750 42
44 0.625000 121
44 0.656250 365
44 0.687500 717
44 0.718750 1117
44 0.750000 1585
44 0.781250 2081
44 0.812500 2523
44 0.843750 2920
44 0.875000 3146
44 0.906250 3208
44 0.937500 3298
44 0.968750 3366
45 0.000000 3313
45 0.031250 3144
45 0.062500 2822
45 0.093750 2563
45 0.125000 2210
45 0.156250 1825
45 0.187500 1623
45 0.218750 1212
45 0.250000 966
45 0.281250 655
45 0.312500 475
45 0.343750 258
45 0.375000 149
45 0.406250 62
45 0.437500 10
45 0.468750 0
45 0.500000 0
45 0.531250 0
45 0.562500 1
45 0.593750 40
45 0.625000 173
45 0.656250 379
45 0.687500 722
45 0.718750 1120
45 0.750000 1627
45 0.781250 2164
45 0.812500 2510
45 0.843750 2851
45 0.875000 3330
45 0.906250 3439
45 0.937500 3497
45 0.968750 3333
46 0.000000 3385
46 0.031250 3268
46 0.062500 2869
46 0.093750 2596
46 0.125000 2225
46 0.156250 1892
46 0.187500 1642
46 0.218750 1318
46 0.250000 1052
46 0.281250 657
46 0.312500 419
46 0.343750 277
46 0.375000 151
46 0.406250 56
46 0.437500 11
46 0.468750 0
46 0.500000 0
46 0.531250 0
46 0.562500 4
46 0.593750 36
46 0.625000 180
46 0.656250 376
46 0.687500 751
46 0.718750 1172
46 0.750000 1711
46 0.781250 2232
46 0.812500 2687
46 0.843750 3000
46 0.875000 3369
46 0.906250 3572
46 0.937500 3561
46 0.968750 3603
47 0.000000 3499
47 0.031250 3151
47 0.062500 3041
47 0.093750 2655
47 0.125000 2403
47 0.156250 2026
47 0.187500 1637
47 0.218750 1319
47 0.250000 966
47 0.281250 722
47 0.312500 475
47 0.343750 279
47 0.375000 140
47 0.406250 61
47 0.437500 15
47 0.468750 0
47 0.500000 0
47 0.531250 0
47 0.562500 2
47 0.593750 24
47 0.625000 159
47 0.656250 415
47 0.687500 726
47 0.718750 1256
47 0.750000 1742
47 0.781250 2258
47 0.812500 2766
47 0.843750 3239
47 0.875000 3448
47 0.906250 3623
47 0.937500 3673
47 0.968750 3556
48 0.000000 3624
48 0.031250 3384
48 0.062500 3166
48 0.093750 2836
48 0.125000 2366
48 0.156250 1996
48 0.187500 1715
48 0.218750 1290
48 0.250000 1005
48 0.281250 755
48 0.312500 495
48 0.343750 303
48 0.375000 152
48 0.406250 77
48 0.437500 12
48 0.468750 0
48 0.500000 0
48 0.531250 0
48 0.562500 2
48 0.593750 45
48 0.625000 158
48 0.656250 375
48 0.687500 710
48 0.718750 1222
48 0.750000 1826
48 0.781250 2328
48 0.812500 2837
48 0.843750 3278
48 0.875000 3592
48 0.906250 3561
48 0.937500 3797
48 0.968750 3772
49 0.000000 3636
49 0.031250 3329
49 0.062500 3092
49 0.093750 2717
49 0.125000 2390
49 0.156250 2087
49 0.187500 1668
49 0.218750 1340
49 0.250000 1077
49 0.281250 685
49 0.312500 471
49 0.343750 298
49 0.375000 147
49 0.406250 62
49 0.437500 8
49 0.468750 0
49 0.500000 0
49 0.531250 0
49 0.562500 5
49 0.593750 44
49 0.625000 176
49 0.656250 437
49 0.687500 815
49 0.718750 1275
49 0.750000 1825
49 0.781250 2395
49 0.812500 2940
49 0.843750 3322
49 0.875000 3570
49 0.906250 3736
49 0.937500 3766
49 0.968750 3681
50 0.000000 3651
50 0.031250 3388
50 0.062500 3245
50 0.093750 2899
50 0.125000 2506
50 0.156250 2095
50 0.187500 1780
50 0.218750 1416
50 0.250000 1058
50 0.281250 732
50 0.312500 474
50 0.343750 293
50 0.375000 160
50 0.406250 64
50 0.437500 11
50 0.468750 0
50 0.500000 0
50 0.531250 0
50 0.562500 2
50 0.593750 52
50 0.625000 187
50 0.656250 405
50 0.687500 797
50 0.718750 1305
50 0.750000 1817
50 0.781250 2433
50 0.812500 2989
50 0.843750 3378
50 0.875000 3628
50 0.906250 3850
50 0.937500 3809
50 0.968750 3894
51 0.000000 3685
51 0.031250 3328
51 0.062500 3135
51 0.093750 2917
51 0.125000 2564
51 0.156250 2122
51 0.187500 1728
51 0.218750 1396
51 0.250000 1107
51 0.281250 711
51 0.312500 505
51 0.343750 304
51 0.375000 148
51 0.406250 64
51 0.437500 9
51 0.468750 0
51 0.500000 0
51 0.531250 0
51 0.562500 3
51 0.593750 45
51 0.625000 157
51 0.656250 441
51 0.687500 763
51 0.718750 1291
51 0.750000 1884
51 0.781250 2436
51 0.812500 2964
51 0.843750 3340
51 0.875000 3724
51 0.906250 3915
51 0.937500 3870
51 0.968750 3845
52 0.000000 3628
52 0.031250 3567
52 0.062500 3176
52 0.093750 2837
52 0.125000 2508
52 0.156250 2105
52 0.187500 1743
52 0.218750 1369
52 0.250000 1121
52 0.281250 772
52 0.312500 498
52 0.343750 295
52 0.375000 143
52 0.406250 66
52 0.437500 13
52 0.468750 0
52 0.500000 0
52 0.531250 0
52 0.562500 6
52 0.593750 32
52 0.625000 169
52 0.656250 433
52 0.687500 794
52 0.718750 1350
52 0.750000 1850
52 0.781250 2442
52 0.812500 2986
52 0.843750 3375
52 0.875000 3678
52 0.906250 3851
52 0.937500 3978
52 0.968750 3861
53 0.000000 3650
53 0.031250 3443
53 0.062500 3188
53 0.093750 2928
53 0.125000 2489
53 0.156250 2094
53 0.187500 1694
53 0.218750 1438
53 0.250000 1137
53 0.281250 771
53 0.312500 526
53 0.343750 295
53 0.375000 159
53 0.406250 52
53 0.437500 12
53 0.468750 0
53 0.500000 0
53 0.531250 0
53 0.562500 4
53 0.593750 36
53 0.625000 166
53 0.656250 410
53 0.687500 783
53 0.718750 1275
53 0.750000 1885
53 0.781250 2445
53 0.812500 3006
53 0.843750 3463
53 0.875000 3715
53 0.906250 3787
53 0.937500 3896
53 0.968750 3931
54 0.000000 3744
54 0.031250 3458
54 0.062500 3251
54 0.093750 2861
54 0.125000 2498
54 0.156250 2070
54 0.187500 1743
54 0.218750 1426
54 0.250000 1022
54 0.281250 779
54 0.312500 503
54 0.343750 297
54 0.375000 168
54 0.406250 61
54 0.437500 12
54 0.468750 0
54 0.500000 0
54 0.531250 0
54 0.562500 4
54 0.593750 54
54 0.625000 164
54 0.656250 417
54 0.687500 798
54 0.718750 1307
54 0.750000 1904
54 0.781250 2534
54 0.812500 3106
54 0.843750 3439
54 0.875000 3709
54 0.906250 3934
54 0.937500 3957
54 0.968750 3894
55 0.000000 3742
55 0.031250 3457
55 0.062500 3333
55 0.093750 2925
55 0.125000 2594
55 0.156250 2245
55 0.187500 1761
55 0.218750 1436
55 0.250000 1112
55 0.281250 788
55 0.312500 570
55 0.343750 307
55 0.375000 156
55 0.406250 73
55 0.437500 9
55 0.468750 0
55 0.500000 0
55 0.531250 0
55 0.562500 3
55 0.593750 43
55 0.625000 143
55 0.656250 415
55 0.687500 825
55 0.718750 1265
55 0.750000 1923
55 0.781250 2542
55 0.812500 3029
55 0.843750 3417
55 0.875000 3769
55 0.906250 4032
55 0.937500 3927
55 0.968750 3794
56 0.000000 3806
56 0.031250 3560
56 0.062500 3343
56 0.093750 2948
56 0.125000 2548
56 0.156250 2222
56 0.187500 1827
56 0.218750 1448
56 0.250000 1140
56 0.281250 727
56 0.312500 522
56 0.343750 313
56 0.375000 181
56 0.406250 65
56 0.437500 12
56 0.468750 1
56 0.500000 0
56 0.531250 0
56 0.562500 4
56 0.593750 40
56 0.625000 154
56 0.656250 427
56 0.687500 792
56 0.718750 1396
56 0.750000 1888
56 0.781250 2527
56 0.812500 3076
56 0.843750 3609
56 0.875000 3664
56 0.906250 3948
56 0.937500 3937
56 0.968750 4017
57 0.000000 3797
57 0.031250 3554
57 0.062500 3268
57 0.093750 2854
57 0.125000 2604
57 0.156250 2220
57 0.187500 1848
57 0.218750 1476
57 0.250000 1145
57 0.281250 792
57 0.312500 531
57 0.343750 314
57 0.375000 158
57 0.406250 69
57 0.437500 14
57 0.468750 0
57 0.500000 0
57 0.531250 0
57 0.562500 8
57 0.593750 45
57 0.625000 173
57 0.656250 421
57 0.687500 821
57 0.718750 1351
57 0.750000 2039
57 0.781250 2529
57 0.812500 3104
57 0.843750 3632
57 0.875000 3770
57 0.906250 4067
57 0.937500 4160
57 0.968750 4004
58 0.000000 3892
58 0.031250 3646
58 0.062500 3373
58 0.093750 3090
58 0.125000 2693
58 0.156250 2267
58 0.187500 1856
58 0.218750 1420
58 0.250000 1139
58 0.281250 805
58 0.312500 484
58 0.343750 317
58 0.375000 167
58 0.406250 71
58 0.437500 13
58 0.468750 1
58 0.500000 0
58 0.531250 0
58 0.562500 7
58 0.593750 34
58 0.625000 188
58 0.656250 450
58 0.687500 825
58 0.718750 1415
58 0.750000 1969
58 0.781250 2580
58 0.812500 3128
58 0.843750 3653
58 0.875000 3845
58 0.906250 4008
58 0.937500 4089
58 0.968750 4097
59 0.000000 4006
59 0.031250 3706
59 0.062500 3576
59 0.093750 3059
59 0.125000 2736
59 0.156250 2268
59 0.187500 1876
59 0.218750 1532
59 0.250000 1159
59 0.281250 828
59 0.312500 589
59 0.343750 338
59 0.375000 195
59 0.406250 58
59 0.437500 14
59 0.468750 0
59 0.500000 0
59 0.531250 0
59 0.562500 1
59 0.593750 48
59 0.625000 208
59 0.656250 467
59 0.687500 869
59 0.718750 1460
59 0.750000 2052
59 0.781250 2671
59 0.812500 3324
59 0.843750 3793
59 0.875000 3936
59 0.906250 4182
59 0.937500 4157
59 0.968750 4080
60 0.000000 4044
60 0.031250 3838
60 0.062500 3412
60 0.093750 3192
60 0.125000 2580
60 0.156250 2265
60 0.187500 1922
60 0.218750 1523
60 0.250000 1087
60 0.281250 907
60 0.312500 546
60 0.343750 355
60 0.375000 183
60 0.406250 63
60 0.437500 11
60 0.468750 1
60 0.500000 0
60 0.531250 0
60 0.562500 1
60 0.593750 44
60 0.625000 212
60 0.656250 434
60 0.687500 908
60 0.718750 1504
60 0.750000 2066
60 0.781250 2780
60 0.812500 3251
60 0.843750 3808
60 0.875000 4058
60 0.906250 4292
60 0.937500 4448
60 0.968750 4322
61 0.000000 4224
61 0.031250 3951
61 0.062500 3611
61 0.093750 3211
61 0.125000 2773
61 0.156250 2380
61 0.187500 2061
61 0.218750 1601
61 0.250000 1190
61 0.281250 866
61 0.312500 581
61 0.343750 339
61 0.375000 178
61 0.406250 68
61 0.437500 14
61 0.468750 0
61 0.500000 0
61 0.531250 0
61 0.562500 6
61 0.593750 43
61 0.625000 202
61 0.656250 474
61 0.687500 905
61 0.718750 1504
61 0.750000 2136
61 0.781250 2792
61 0.812500 3375
61 0.843750 3697
61 0.875000 4149
61 0.906250 4330
61 0.937500 4417
61 0.968750 4380
62 0.000000 4304
62 0.031250 3845
62 0.062500 3510
62 0.093750 3263
62 0.125000 2918
62 0.156250 2447
62 0.187500 1977
62 0.218750 1635
62 0.250000 1246
62 0.281250 899
62 0.312500 554
62 0.343750 350
62 0.375000 178
62 0.406250 63
62 0.437500 11
62 0.468750 3
62 0.500000 0
62 0.531250 0
62 0.562500 4
62 0.593750 46
62 0.625000 196
62 0.656250 489
62 0.687500 994
62 0.718750 1573
62 0.750000 2234
62 0.781250 2873
62 0.812500 3422
62 0.843750 3924
62 0.875000 4339
62 0.906250 4522
62 0.937500 4556
62 0.968750 4544
63 0.000000 4286
63 0.031250 4026
63 0.062500 3680
63 0.093750 3176
63 0.125000 2920
63 0.156250 2471
63 0.187500 2012
63 0.218750 1626
63 0.250000 1211
63 0.281250 905
63 0.312500 592
63 0.343750 360
63 0.375000 171
63 0.406250 73
63 0.437500 14
63 0.468750 1
63 0.500000 0
63 0.531250 0
63 0.562500 3
63 0.593750 50
63 0.625000 201
63 0.656250 477
63 0.687500 1000
63 0.718750 1567
63 0.750000 2179
63 0.781250 2948
63 0.812500 3683
63 0.843750 3890
63 0.875000 4363
63 0.906250 4572
63 0.937500 4576
63 0.968750 4659
64 0.000000 4568
64 0.031250 4141
64 0.062500 3823
64 0.093750 3266
64 0.125000 3015
64 0.156250 2471
64 0.187500 2065
64 0.218750 1703
64 0.250000 1236
64 0.281250 921
64 0.312500 594
64 0.343750 389
64 0.375000 183
64 0.406250 59
64 0.437500 16
64 0.468750 0
64 0.500000 0
64 0.531250 0
64 0.562500 5
64 0.593750 51
64 0.625000 183
64 0.656250 523
64 0.687500 967
64 0.718750 1614
64 0.750000 2300
64 0.781250 2989
64 0.812500 3614
64 0.843750 4126
64 0.875000 4407
64 0.906250 4739
64 0.937500 4794
64 0.968750 4554
65 0.000000 4549
65 0.031250 4190
65 0.062500 3818
65 0.093750 3399
65 0.125000 2993
65 0.156250 2546
65 0.187500 2111
65 0.218750 1731
65 0.250000 1287
65 0.281250 935
65 0.312500 576
65 0.343750 375
65 0.375000 166
65 0.406250 72
65 0.437500 19
65 0.468750 1
65 0.500000 0
65 0.531250 0
65 0.562500 1
65 0.593750 47
65 0.625000 207
65 0.656250 486
65 0.687500 981
65 0.718750 1591
65 0.750000 2332
65 0.781250 3011
65 0.812500 3635
65 0.843750 4000
65 0.875000 4418
65 0.906250 4852
65 0.937500 4655
65 0.968750 4767
66 0.000000 4500
66 0.031250 4258
66 0.062500 3873
66 0.093750 3368
66 0.125000 3047
66 0.156250 2522
66 0.187500 2064
66 0.218750 1677
66 0.250000 1296
66 0.281250 912
66 0.312500 605
66 0.343750 395
66 0.375000 186
66 0.406250 82
66 0.437500 10
66 0.468750 1
66 0.500000 0
66 0.531250 0
66 0.562500 1
66 0.593750 46
66 0.625000 205
66 0.656250 491
66 0.687500 1023
66 0.718750 1585
66 0.750000 2315
66 0.781250 3114
66 0.812500 3568
66 0.843750 4252
66 0.875000 4477
66 0.906250 4768
66 0.937500 4862
66 0.968750 4760
67 0.000000 4567
67 0.031250 4300
67 0.062500 3943
67 0.093750 3546
67 0.125000 3129
67 0.156250 2720
67 0.187500 2145
67 0.218750 1693
67 0.250000 1278
67 0.281250 894
67 0.312500 619
67 0.343750 392
67 0.375000 190
67 0.406250 83
67 0.437500 17
67 0.468750 0
67 0.500000 0
67 0.531250 0
67 0.562500 3
67 0.593750 43
67 0.625000 220
67 0.656250 556
67 0.687500 1055
67 0.718750 1685
67 0.750000 2397
67 0.781250 3094
67 0.812500 3764
67 0.843750 4254
67 0.875000 4657
67 0.906250 4959
67 0.937500 4918
67 0.968750 4831
68 0.000000 4716
68 0.031250 4392
68 0.062500 3967
68 0.093750 3529
68 0.125000 3175
68 0.156250 2681
68 0.187500 2158
68 0.218750 1723
68 0.250000 1339
68 0.281250 906
68 0.312500 659
68 0.343750 389
68 0.375000 205
68 0.406250 91
68 0.437500 18
68 0.468750 1
68 0.500000 0
68 0.531250 0
68 0.562500 6
68 0.593750 45
68 0.625000 225
68 0.656250 507
68 0.687500 1057
68 0.718750 1624
68 0.750000 2463
68 0.781250 3206
68 0.812500 3818
68 0.843750 4256
68 0.875000 4619
68 0.906250 4917
68 0.937500 5001
68 0.968750 4888
69 0.000000 4650
69 0.031250 4343
69 0.062500 4100
69 0.093750 3591
69 0.125000 3194
69 0.156250 2846
69 0.187500 2171
69 0.218750 1771
69 0.250000 1377
69 0.281250 907
69 0.312500 605
69 0.343750 374
69 0.375000 197
69 0.406250 71
69 0.437500 10
69 0.468750 1
69 0.500000 0
69 0.531250 0
69 0.562500 4
69 0.593750 57
69 0.625000 222
69 0.656250 553
69 0.687500 1038
69 0.718750 1704
69 0.750000 2447
69 0.781250 3193
69 0.812500 3892
69 0.843750 4415
69 0.875000 4837
69 0.906250 5058
69 0.937500 5199
69 0.968750 4891
70 0.000000 4864
70 0.031250 4487
70 0.062500 4073
70 0.093750 3592
70 0.125000 3157
70 0.156250 2647
70 0.187500 2292
70 0.218750 1812
70 0.250000 1331
70 0.281250 923
70 0.312500 646
70 0.343750 416
70 0.375000 177
70 0.406250 82
70 0.437500 18
70 0.468750 0
70 0.500000 0
70 0.531250 0
70 0.562500 3
70 0.593750 42
70 0.625000 251
70 0.656250 566
70 0.687500 1137
70 0.718750 1801
70 0.750000 2498
70 0.781250 3280
70 0.812500 3995
70 0.843750 4420
70 0.875000 4800
70 0.906250 5082
70 0.937500 5093
70 0.968750 4997
71 0.000000 4963
71 0.031250 4490
71 0.062500 4070
71 0.093750 3697
71 0.125000 3240
71 0.156250 2655
71 0.187500 2319
71 0.218750 1735
71 0.250000 1328
71 0.281250 988
71 0.312500 609
71 0.343750 388
71 0.375000 222
71 0.406250 73
71 0.437500 18
71 0.468750 1
71 0.500000 0
71 0.531250 0
71 0.562500 6
71 0.593750 52
71 0.625000 224
71 0.656250 548
71 0.687500 997
71 0.718750 1779
71 0.750000 2573
71 0.781250 3424
71 0.812500 3923
71 0.843750 4431
71 0.875000 4967
71 0.906250 5167
71 0.937500 5219
71 0.968750 4995
72 0.000000 4910
72 0.031250 4530
72 0.062500 4181
72 0.093750 3736
72 0.125000 3230
72 0.156250 2725
72 0.187500 2292
72 0.218750 1740
72 0.250000 1340
72 0.281250 981
72 0.312500 686
72 0.343750 402
72 0.375000 208
72 0.406250 87
72 0.437500 15
72 0.468750 1
72 0.500000 0
72 0.531250 0
72 0.562500 1
72 0.593750 68
72 0.625000 221
72 0.656250 562
72 0.687500 1117
72 0.718750 1812
72 0.750000 2613
72 0.781250 3305
72 0.812500 4167
72 0.843750 4618
72 0.875000 5104
72 0.906250 5057
72 0.937500 5235
72 0.968750 5193
73 0.000000 4964
73 0.031250 4734
73 0.062500 4210
73 0.093750 3841
73 0.125000 3311
73 0.156250 2767
73 0.187500 2376
73 0.218750 1830
73 0.250000 1308
73 0.281250 1036
73 0.312500 689
73 0.343750 375
73 0.375000 235
73 0.406250 87
73 0.437500 16
73 0.468750 1
73 0.500000 0
73 0.531250 0
73 0.562500 2
73 0.593750 55
73 0.625000 232
73 0.656250 591
73 0.687500 1075
73 0.718750 1819
73 0.750000 2661
73 0.781250 3356
73 0.812500 4063
73 0.843750 4722
73 0.875000 5142
73 0.906250 5310
73 0.937500 5284
73 0.968750 5158
74 0.000000 4905
74 0.031250 4730
74 0.062500 4266
74 0.093750 3816
74 0.125000 3206
74 0.156250 2693
74 0.187500 2313
74 0.218750 1834
74 0.250000 1393
74 0.281250 1006
74 0.312500 657
74 0.343750 406
74 0.375000 197
74 0.406250 91
74 0.437500 22
74 0.468750 0
74 0.500000 0
74 0.531250 0
74 0.562500 1
74 0.593750 65
74 0.625000 211
74 0.656250 591
74 0.687500 1109
74 0.718750 1868
74 0.750000 2542
74 0.781250 3367
74 0.812500 4054
74 0.843750 4706
74 0.875000 5017
74 0.906250 5407
74 0.937500 5406
74 0.968750 5051
75 0.000000 4967
75 0.031250 4697
75 0.062500 4320
75 0.093750 3828
75 0.125000 3408
75 0.156250 2855
75 0.187500 2293
75 0.218750 1832
75 0.250000 1372
75 0.281250 1018
75 0.312500 632
75 0.343750 410
75 0.375000 218
75 0.406250 89
75 0.437500 18
75 0.468750 0
75 0.500000 0
75 0.531250 0
75 0.562500 5
75 0.593750 57
75 0.625000 225
75 0.656250 552
75 0.687500 1186
75 0.718750 1894
75 0.750000 2596
75 0.781250 3372
75 0.812500 4071
75 0.843750 4665
75 0.875000 5047
75 0.906250 5402
75 0.937500 5394
75 0.968750 5185
76 0.000000 5089
76 0.031250 4672
76 0.062500 4459
76 0.093750 3881
76 0.125000 3347
76 0.156250 2835
76 0.187500 2461
76 0.218750 1893
76 0.250000 1431
76 0.281250 1003
76 0.312500 683
76 0.343750 396
76 0.375000 233
76 0.406250 87
76 0.437500 15
76 0.468750 2
76 0.500000 0
76 0.531250 0
76 0.562500 2
76 0.593750 50
76 0.625000 239
76 0.656250 579
76 0.687500 1216
76 0.718750 1872
76 0.750000 2598
76 0.781250 3411
76 0.812500 4123
76 0.843750 4723
76 0.875000 5144
76 0.906250 5518
76 0.937500 5336
76 0.968750 5236
77 0.000000 5207
77 0.031250 4689
77 0.062500 4359
77 0.093750 3828
77 0.125000 3246
77 0.156250 2791
77 0.187500 2382
77 0.218750 1880
77 0.250000 1446
77 0.281250 1056
77 0.312500 650
77 0.343750 374
77 0.375000 239
77 0.406250 71
77 0.437500 14
77 0.468750 1
77 0.500000 0
77 0.531250 0
77 0.562500 5
77 0.593750 66
77 0.625000 259
77 0.656250 582
77 0.687500 1117
77 0.718750 1865
77 0.750000 2668
77 0.781250 3404
77 0.812500 4231
77 0.843750 4816
77 0.875000 5086
77 0.906250 5481
77 0.937500 5500
77 0.968750 5400
78 0.000000 5084
78 0.031250 4686
78 0.062500 4234
78 0.093750 3856
78 0.125000 3355
78 0.156250 2929
78 0.187500 2351
78 0.218750 1890
78 0.250000 1370
78 0.281250 1017
78 0.312500 695
78 0.343750 420
78 0.375000 211
78 0.406250 89
78 0.437500 20
78 0.468750 0
78 0.500000 0
78 0.531250 0
78 0.562500 1
78 0.593750 54
78 0.625000 227
78 0.656250 590
78 0.687500 1174
78 0.718750 1911
78 0.750000 2633
78 0.781250 3573
78 0.812500 4267
78 0.843750 4738
78 0.875000 5198
78 0.906250 5409
78 0.937500 5374
78 0.968750 5350
79 0.000000 5159
79 0.031250 4807
79 0.062500 4408
79 0.093750 3887
79 0.125000 3486
79 0.156250 2968
79 0.187500 2370
79 0.218750 1911
79 0.250000 1469
79 0.281250 1005
79 0.312500 676
79 0.343750 434
79 0.375000 236
79 0.406250 81
79 0.437500 15
79 0.468750 0
79 0.500000 0
79 0.531250 0
79 0.562500 7
79 0.593750 63
79 0.625000 244
79 0.656250 588
79 0.687500 1171
79 0.718750 1946
79 0.750000 2783
79 0.781250 3475
79 0.812500 4358
79 0.843750 4949
79 0.875000 5127
79 0.906250 5495
79 0.937500 5547
79 0.968750 5470
80 0.000000 5074
80 0.031250 4734
80 0.062500 4458
80 0.093750 3835
80 0.125000 3377
80 0.156250 2938
80 0.187500 2486
80 0.218750 1984
80 0.250000 1412
80 0.281250 1075
80 0.312500 653
80 0.343750 396
80 0.375000 242
80 0.406250 84
80 0.437500 23
80 0.468750 0
80 0.500000 0
80 0.531250 0
80 0.562500 3
80 0.593750 61
80 0.625000 232
80 0.656250 591
80 0.687500 1160
80 0.718750 1933
80 0.750000 2756
80 0.781250 3580
80 0.812500 4316
80 0.843750 4961
80 0.875000 5206
80 0.906250 5437
80 0.937500 5528
80 0.968750 5535
81 0.000000 5173
81 0.031250 4819
81 0.062500 4325
81 0.093750 3835
81 0.125000 3339
81 0.156250 2915
81 0.187500 2379
81 0.218750 1878
81 0.250000 1453
81 0.281250 1065
81 0.312500 739
81 0.343750 431
81 0.375000 202
81 0.406250 98
81 0.437500 12
81 0.468750 1
81 0.500000 0
81 0.531250 0
81 0.562500 8
81 0.593750 48
81 0.625000 229
81 0.656250 563
81 0.687500 1168
81 0.718750 1884
81 0.750000 2735
81 0.781250 3504
81 0.812500 4312
81 0.843750 4854
81 0.875000 5182
81 0.906250 5551
81 0.937500 5488
81 0.968750 5359
82 0.000000 5179
82 0.031250 4643
82 0.062500 4537
82 0.093750 3900
82 0.125000 3281
82 0.156250 2924
82 0.187500 2365
82 0.218750 1889
82 0.250000 1433
82 0.281250 1080
82 0.312500 717
82 0.343750 433
82 0.375000 224
82 0.406250 87
82 0.437500 17
82 0.468750 1
82 0.500000 0
82 0.531250 0
82 0.562500 1
82 0.593750 52
82 0.625000 260
82 0.656250 593
82 0.687500 1174
82 0.718750 1921
82 0.750000 2880
82 0.781250 3599
82 0.812500 4265
82 0.843750 4927
82 0.875000 5291
82 0.906250 5452
82 0.937500 5651
82 0.968750 5430
83 0.000000 5238
83 0.031250 4795
83 0.062500 4397
83 0.093750 3995
83 0.125000 3303
83 0.156250 2906
83 0.187500 2427
83 0.218750 1962
83 0.250000 1482
83 0.281250 1082
83 0.312500 741
83 0.343750 445
83 0.375000 251
83 0.406250 81
83 0.437500 11
83 0.468750 0
83 0.500000 0
83 0.531250 0
83 0.562500 5
83 0.593750 67
83 0.625000 264
83 0.656250 621
83 0.687500 1193
83 0.718750 1926
83 0.750000 2783
83 0.781250 3577
83 0.812500 4237
83 0.843750 4924
83 0.875000 5273
83 0.906250 5572
83 0.937500 5565
83 0.968750 5494
84 0.000000 5223
84 0.031250 4850
84 0.062500 4436
84 0.093750 4041
84 0.125000 3533
84 0.156250 2930
84 0.187500 2412
84 0.218750 1847
84 0.250000 1469
84 0.281250 1048
84 0.312500 695
84 0.343750 413
84 0.375000 211
84 0.406250 98
84 0.437500 18
84 0.468750 0
84 0.500000 0
84 0.531250 0
84 0.562500 9
84 0.593750 59
84 0.625000 272
84 0.656250 576
84 0.687500 1200
84 0.718750 1890
84 0.750000 2815
84 0.781250 3526
84 0.812500 4345
84 0.843750 4936
84 0.875000 5244
84 0.906250 5504
84 0.937500 5579
84 0.968750 5589
85 0.000000 5268
85 0.031250 4714
85 0.062500 4508
85 0.093750 3993
85 0.125000 3425
85 0.156250 2991
85 0.187500 2422
85 0.218750 1908
85 0.250000 1475
85 0.281250 1002
85 0.312500 660
85 0.343750 407
85 0.375000 241
85 0.406250 87
85 0.437500 20
85 0.468750 1
85 0.500000 0
85 0.531250 0
85 0.562500 7
85 0.593750 63
85 0.625000 256
85 0.656250 584
85 0.687500 1144
85 0.718750 1946
85 0.750000 2764
85 0.781250 3664
85 0.812500 4298
85 0.843750 4885
85 0.875000 5415
85 0.906250 5480
85 0.937500 5563
85 0.968750 5495
86 0.000000 5328
86 0.031250 4878
86 0.062500 4582
86 0.093750 3831
86 0.125000 3413
86 0.156250 2944
86 0.187500 2399
86 0.218750 1878
86 0.250000 1504
86 0.281250 1030
86 0.312500 678
86 0.343750 424
86 0.375000 211
86 0.406250 84
86 0.437500 17
86 0.468750 0
86 0.500000 0
86 0.531250 0
86 0.562500 3
86 0.593750 53
86 0.625000 265
86 0.656250 632
86 0.687500 1167
86 0.718750 1898
86 0.750000 2790
86 0.781250 3713
86 0.812500 4208
86 0.843750 5115
86 0.875000 5370
86 0.906250 5835
86 0.937500 5598
86 0.968750 5575
87 0.000000 5256
87 0.031250 4951
87 0.062500 4434
87 0.093750 4008
87 0.125000 3313
87 0.156250 2906
87 0.187500 2386
87 0.218750 1919
87 0.250000 1484
87 0.281250 1045
87 0.312500 686
87 0.343750 401
87 0.375000 235
87 0.406250 99
87 0.437500 21
87 0.468750 0
87 0.500000 0
87 0.531250 0
87 0.562500 3
87 0.593750 66
87 0.625000 219
87 0.656250 600
87 0.687500 1208
87 0.718750 2022
87 0.750000 2818
87 0.781250 3679
87 0.812500 4372
87 0.843750 4999
87 0.875000 5411
87 0.906250 5593
87 0.937500 5601
87 0.968750 5474
88 0.000000 5377
88 0.031250 4869
88 0.062500 4482
88 0.093750 3990
88 0.125000 3488
88 0.156250 2892
88 0.187500 2396
88 0.218750 1869
88 0.250000 1439
88 0.281250 1058
88 0.312500 662
88 0.343750 436
88 0.375000 232
88 0.406250 79
88 0.437500 11
88 0.468750 0
88 0.500000 0
88 0.531250 0
88 0.562500 6
88 0.593750 61
88 0.625000 251
88 0.656250 640
88 0.687500 1127
88 0.718750 1851
88 0.750000 2806
88 0.781250 3594
88 0.812500 4321
88 0.843750 5022
88 0.875000 5445
88 0.906250 5690
88 0.937500 5595
88 0.968750 5587
89 0.000000 5228
89 0.031250 4925
89 0.062500 4448
89 0.093750 3832
89 0.125000 3523
89 0.156250 2967
89 0.187500 2403
89 0.218750 1908
89 0.250000 1499
89 0.281250 1067
89 0.312500 699
89 0.343750 416
89 0.375000 210
89 0.406250 87
89 0.437500 16
89 0.468750 0
89 0.500000 0
89 0.531250 0
89 0.562500 10
89 0.593750 90
89 0.625000 263
89 0.656250 608
89 0.687500 1214
89 0.718750 1943
89 0.750000 2851
89 0.781250 3644
89 0.812500 4418
89 0.843750 5046
89 0.875000 5298
89 0.906250 5737
89 0.937500 5736
89 0.968750 5518
90 0.000000 5245
90 0.031250 4867
90 0.062500 4426
90 0.093750 3916
90 0.125000 3423
90 0.156250 2958
90 0.187500 2409
90 0.218750 1921
90 0.250000 1487
90 0.281250 1098
90 0.312500 677
90 0.343750 434
90 0.375000 232
90 0.406250 89
90 0.437500 22
90 0.468750 0
90 0.500000 0
90 0.531250 0
90 0.562500 4
90 0.593750 64
90 0.625000 285
90 0.656250 654
90 0.687500 1203
90 0.718750 1930
90 0.750000 2799
90 0.781250 3631
90 0.812500 4387
90 0.843750 4955
90 0.875000 5494
90 0.906250 5559
90 0.937500 5726
90 0.968750 5654
91 0.000000 5288
91 0.031250 4934
91 0.062500 4505
91 0.093750 3869
91 0.125000 3378
91 0.156250 2934
91 0.187500 2339
91 0.218750 1911
91 0.250000 1422
91 0.281250 1044
91 0.312500 707
91 0.343750 421
91 0.375000 238
91 0.406250 81
91 0.437500 7
91 0.468750 0
91 0.500000 0
91 0.531250 0
91 0.562500 7
91 0.593750 56
91 0.625000 264
91 0.656250 639
91 0.687500 1227
91 0.718750 2010
91 0.750000 2819
91 0.781250 3794
91 0.812500 4378
91 0.843750 4941
91 0.875000 5464
91 0.906250 5821
91 0.937500 5622
91 0.968750 5618
92 0.000000 5169
92 0.031250 4856
92 0.062500 4374
92 0.093750 4010
92 0.125000 3451
92 0.156250 2953
92 0.187500 2388
92 0.218750 1916
92 0.250000 1451
92 0.281250 1124
92 0.312500 694
92 0.343750 438
92 0.375000 222
92 0.406250 80
92 0.437500 18
92 0.468750 0
92 0.500000 0
92 0.531250 0
92 0.562500 6
92 0.593750 62
92 0.625000 263
92 0.656250 588
92 0.687500 1258
92 0.718750 1976
92 0.750000 2740
92 0.781250 3655
92 0.812500 4436
92 0.843750 5003
92 0.875000 5539
92 0.906250 5615
92 0.937500 5705
92 0.968750 5563
93 0.000000 5163
93 0.031250 4785
93 0.062500 4344
93 0.093750 3876
93 0.125000 3447
93 0.156250 2844
93 0.187500 2372
93 0.218750 1919
93 0.250000 1463
93 0.281250 1036
93 0.312500 725
93 0.343750 453
93 0.375000 216
93 0.406250 90
93 0.437500 19
93 0.468750 1
93 0.500000 0
93 0.531250 0
93 0.562500 7
93 0.593750 57
93 0.625000 261
93 0.656250 636
93 0.687500 1263
93 0.718750 2063
93 0.750000 2876
93 0.781250 3612
93 0.812500 4315
93 0.843750 4964
93 0.875000 5263
93 0.906250 5604
93 0.937500 5732
93 0.968750 5583
94 0.000000 5229
94 0.031250 4936
94 0.062500 4336
94 0.093750 3918
94 0.125000 3379
94 0.156250 2958
94 0.187500 2352
94 0.218750 1912
94 0.250000 1455
94 0.281250 1065
94 0.312500 674
94 0.343750 382
94 0.375000 247
94 0.406250 75
94 0.437500 23
94 0.468750 0
94 0.500000 0
94 0.531250 0
94 0.562500 7
94 0.593750 66
94 0.625000 274
94 0.656250 645
94 0.687500 1215
94 0.718750 1954
94 0.750000 2838
94 0.781250 3664
94 0.812500 4395
94 0.843750 5014
94 0.875000 5557
94 0.906250 5592
94 0.937500 5653
94 0.968750 5362
95 0.000000 5280
95 0.031250 4914
95 0.062500 4463
95 0.093750 3918
95 0.125000 3520
95 0.156250 2866
95 0.187500 2410
95 0.218750 1879
95 0.250000 1487
95 0.281250 1034
95 0.312500 645
95 0.343750 426
95 0.375000 213
95 0.406250 72
95 0.437500 16
95 0.468750 1
95 0.500000 0
95 0.531250 0
95 0.562500 3
95 0.593750 64
95 0.625000 263
95 0.656250 638
95 0.687500 1218
95 0.718750 1962
95 0.750000 2806
95 0.781250 3779
95 0.812500 4492
95 0.843750 5088
95 0.875000 5484
95 0.906250 5437
95 0.937500 5697
95 0.968750 5529
96 0.000000 5249
96 0.031250 4920
96 0.062500 4477
96 0.093750 3813
96 0.125000 3391
96 0.156250 2814
96 0.187500 2404
96 0.218750 1872
96 0.250000 1424
96 0.281250 1028
96 0.312500 673
96 0.343750 434
96 0.375000 242
96 0.406250 106
96 0.437500 23
96 0.468750 0
96 0.500000 0
96 0.531250 0
96 0.562500 7
96 0.593750 53
96 0.625000 257
96 0.656250 653
96 0.687500 1263
96 0.718750 2098
96 0.750000 2922
96 0.781250 3747
96 0.812500 4391
96 0.843750 5004
96 0.875000 5409
96 0.906250 5536
96 0.937500 5641
96 0.968750 5573
97 0.000000 5229
97 0.031250 4820
97 0.062500 4360
97 0.093750 3914
97 0.125000 3492
97 0.156250 2905
97 0.187500 2432
97 0.218750 1911
97 0.250000 1541
97 0.281250 1040
97 0.312500 673
97 0.343750 408
97 0.375000 223
97 0.406250 71
97 0.437500 17
97 0.468750 0
97 0.500000 0
97 0.531250 0
97 0.562500 3
97 0.593750 62
97 0.625000 256
97 0.656250 674
97 0.687500 1191
97 0.718750 1931
97 0.750000 2811
97 0.781250 3626
97 0.812500 4493
97 0.843750 5000
97 0.875000 5451
97 0.906250 5731
97 0.937500 5705
97 0.968750 5578
98 0.000000 5416
98 0.031250 4948
98 0.062500 4422
98 0.093750 3906
98 0.125000 3359
98 0.156250 2857
98 0.187500 2401
98 0.218750 1901
98 0.250000 1464
98 0.281250 1059
98 0.312500 715
98 0.343750 404
98 0.375000 217
98 0.406250 91
98 0.437500 20
98 0.468750 0
98 0.500000 0
98 0.531250 0
98 0.562500 4
98 0.593750 55
98 0.625000 242
98 0.656250 623
98 0.687500 1255
98 0.718750 2057
98 0.750000 2834
98 0.781250 3713
98 0.812500 4379
98 0.843750 4932
98 0.875000 5431
98 0.906250 5699
98 0.937500 5743
98 0.968750 5416
99 0.000000 5184
99 0.031250 4773
99 0.062500 4341
99 0.093750 3897
99 0.125000 3397
99 0.156250 2811
99 0.187500 2308
99 0.218750 1857
99 0.250000 1387
99 0.281250 1085
99 0.312500 643
99 0.343750 395
99 0.375000 189
99 0.406250 104
99 0.437500 16
99 0.468750 1
99 0.500000 0
99 0.531250 0
99 0.562500 7
99 0.593750 70
99 0.625000 261
99 0.656250 603
99 0.687500 1253
99 0.718750 1991
99 0.750000 2888
99 0.781250 3668
99 0.812500 4366
99 0.843750 4890
99 0.875000 5445
99 0.906250 5637
99 0.937500 5700
99 0.968750 5507
100 0.000000 5176
100 0.031250 4790
100 0.062500 4391
100 0.093750 3910
100 0.125000 3388
100 0.156250 2982
100 0.187500 2337
100 0.218750 1887
100 0.250000 1464
100 0.281250 960
100 0.312500 693
100 0.343750 396
100 0.375000 226
100 0.406250 81
100 0.437500 20
100 0.468750 0
100 0.500000 0
100 0.531250 0
100 0.562500 4
100 0.593750 71
100 0.625000 238
100 0.656250 650
100 0.687500 1217
100 0.718750 1958
100 0.750000 2816
100 0.781250 3670
100 0.812500 4430
100 0.843750 5010
100 0.875000 5414
100 0.906250 5503
100 0.937500 5651
100 0.968750 5468
101 0.000000 5091
101 0.031250 4874
101 0.062500 4394
101 0.093750 3941
101 0.125000 3346
101 0.156250 2881
101 0.187500 2389
101 0.218750 1905
101 0.250000 1452
101 0.281250 942
101 0.312500 720
101 0.343750 400
101 0.375000 215
101 0.406250 90
101 0.437500 10
101 0.468750 0
101 0.500000 0
101 0.531250 0
101 0.562500 4
101 0.593750 57
101 0.625000 222
101 0.656250 667
101 0.687500 1224
101 0.718750 2013
101 0.750000 2795
101 0.781250 3770
101 0.812500 4357
101 0.843750 5010
101 0.875000 5446
101 0.906250 5620
101 0.937500 5694
101 0.968750 5455
102 0.000000 5198
102 0.031250 4834
102 0.062500 4313
102 0.093750 3797
102 0.125000 3284
102 0.156250 2847
102 0.187500 2320
102 0.218750 1832
102 0.250000 1429
102 0.281250 1026
102 0.312500 711
102 0.343750 414
102 0.375000 222
102 0.406250 91
102 0.437500 16
102 0.468750 1
102 0.500000 0
102 0.531250 0
102 0.562500 5
102 0.593750 56
102 0.625000 275
102 0.656250 591
102 0.687500 1293
102 0.718750 1970
102 0.750000 2871
102 0.781250 3603
102 0.812500 4342
102 0.843750 5113
102 0.875000 5405
102 0.906250 5711
102 0.937500 5519
102 0.968750 5628
103 0.000000 5218
103 0.031250 4749
103 0.062500 4351
103 0.093750 3910
103 0.125000 3342
103 0.156250 2799
103 0.187500 2344
103 0.218750 1813
103 0.250000 1419
103 0.281250 1029
103 0.312500 701
103 0.343750 442
103 0.375000 216
103 0.406250 85
103 0.437500 19
103 0.468750 0
103 0.500000 0
103 0.531250 0
103 0.562500 8
103 0.593750 55
103 0.625000 248
103 0.656250 614
103 0.687500 1245
103 0.718750 2005
103 0.750000 2867
103 0.781250 3662
103 0.812500 4454
103 0.843750 5024
103 0.875000 5357
103 0.906250 5571
103 0.937500 5585
103 0.968750 5564
104 0.000000 5274
104 0.031250 4837
104 0.062500 4301
104 0.093750 3804
104 0.125000 3432
104 0.156250 2807
104 0.187500 2348
104 0.218750 1812
104 0.250000 1413
104 0.281250 930
104 0.312500 729
104 0.343750 464
104 0.375000 185
104 0.406250 76
104 0.437500 15
104 0.468750 0
104 0.500000 0
104 0.531250 0
104 0.562500 4
104 0.593750 59
104 0.625000 268
104 0.656250 660
104 0.687500 1257
104 0.718750 2017
104 0.750000 2891
104 0.781250 3738
104 0.812500 4344
104 0.843750 5056
104 0.875000 5398
104 0.906250 5519
104 0.937500 5587
104 0.968750 5457
105 0.000000 5080
105 0.031250 4871
105 0.062500 4416
105 0.093750 3938
105 0.125000 3311
105 0.156250 2832
105 0.187500 2358
105 0.218750 1950
105 0.250000 1394
105 0.281250 1012
105 0.312500 704
105 0.343750 409
105 0.375000 242
105 0.406250 79
105 0.437500 17
105 0.468750 0
105 0.500000 0
105 0.531250 0
105 0.562500 7
105 0.593750 64
105 0.625000 245
105 0.656250 635
105 0.687500 1215
105 0.718750 1961
105 0.750000 2855
105 0.781250 3605
105 0.812500 4445
105 0.843750 5081
105 0.875000 5298
105 0.906250 5574
105 0.937500 5600
105 0.968750 5454
106 0.000000 5141
106 0.031250 4788
106 0.062500 4286
106 0.093750 3762
106 0.125000 3300
106 0.156250 2866
106 0.187500 2297
106 0.218750 1931
106 0.250000 1416
106 0.281250 985
106 0.312500 661
106 0.343750 415
106 0.375000 224
106 0.406250 92
106 0.437500 17
106 0.468750 1
106 0.500000 0
106 0.531250 0
106 0.562500 5
106 0.593750 51
106 0.625000 286
106 0.656250 680
106 0.687500 1206
106 0.718750 1964
106 0.750000 2884
106 0.781250 3734
106 0.812500 4305
106 0.843750 5049
106 0.875000 5420
106 0.906250 5543
106 0.937500 5624
106 0.968750 5437
107 0.000000 5172
107 0.031250 4785
107 0.062500 4335
107 0.093750 3736
107 0.125000 3308
107 0.156250 2851
107 0.187500 2291
107 0.218750 1970
107 0.250000 1461
107 0.281250 992
107 0.312500 663
107 0.343750 444
107 0.375000 180
107 0.406250 95
107 0.437500 20
107 0.468750 0
107 0.500000 0
107 0.531250 0
107 0.562500 6
107 0.593750 62
107 0.625000 251
107 0.656250 582
107 0.687500 1185
107 0.718750 1968
107 0.750000 2895
107 0.781250 3704
107 0.812500 4418
107 0.843750 4980
107 0.875000 5283
107 0.906250 5692
107 0.937500 5443
107 0.968750 5434
108 0.000000 5125
108 0.031250 4719
108 0.062500 4153
108 0.093750 3693
108 0.125000 3222
108 0.156250 2790
108 0.187500 2282
108 0.218750 1728
108 0.250000 1380
108 0.281250 999
108 0.312500 667
108 0.343750 397
108 0.375000 192
108 0.406250 72
108 0.437500 19
108 0.468750 0
108 0.500000 0
108 0.531250 0
108 0.562500 5
108 0.593750 58
108 0.625000 242
108 0.656250 673
108 0.687500 1162
108 0.718750 2002
108 0.750000 2779
108 0.781250 3585
108 0.812500 4343
108 0.843750 5033
108 0.875000 5408
108 0.906250 5516
108 0.937500 5649
108 0.968750 5509
109 0.000000 5226
109 0.031250 4766
109 0.062500 4263
109 0.093750 3848
109 0.125000 3255
109 0.156250 2751
109 0.187500 2316
109 0.218750 1826
109 0.250000 1430
109 0.281250 1001
109 0.312500 697
109 0.343750 409
109 0.375000 205
109 0.406250 70
109 0.437500 9
109 0.468750 0
109 0.500000 0
109 0.531250 0
109 0.562500 7
109 0.593750 63
109 0.625000 266
109 0.656250 603
109 0.687500 1179
109 0.718750 1968
109 0.750000 2772
109 0.781250 3757
109 0.812500 4475
109 0.843750 5072
109 0.875000 5376
109 0.906250 5400
109 0.937500 5567
109 0.968750 5390
110 0.000000 5108
110 0.031250 4651
110 0.062500 4259
110 0.093750 3724
110 0.125000 3337
110 0.156250 2720
110 0.187500 2239
110 0.218750 1767
110 0.250000 1397
110 0.281250 1071
110 0.312500 735
110 0.343750 411
110 0.375000 189
110 0.406250 83
110 0.437500 17
110 0.468750 1
110 0.500000 0
110 0.531250 0
110 0.562500 6
110 0.593750 68
110 0.625000 230
110 0.656250 615
110 0.687500 1229
110 0.718750 1902
110 0.750000 2766
110 0.781250 3587
110 0.812500 4364
110 0.843750 4902
110 0.875000 5234
110 0.906250 5503
110 0.937500 5388
110 0.968750 5335
111 0.000000 4958
111 0.031250 4617
111 0.062500 4213
111 0.093750 3633
111 0.125000 3271
111 0.156250 2700
111 0.187500 2367
111 0.218750 1705
111 0.250000 1282
111 0.281250 986
111 0.312500 630
111 0.343750 384
111 0.375000 205
111 0.406250 76
111 0.437500 16
111 0.468750 0
111 0.500000 0
111 0.531250 0
111 0.562500 3
111 0.593750 57
111 0.625000 235
111 0.656250 635
111 0.687500 1292
111 0.718750 1966
111 0.750000 2784
111 0.781250 3668
111 0.812500 4342
111 0.843750 5029
111 0.875000 5349
111 0.906250 5565
111 0.937500 5523
111 0.968750 5327
112 0.000000 5004
112 0.031250 4575
112 0.062500 4140
112 0.093750 3724
112 0.125000 3169
112 0.156250 2679
112 0.187500 2340
112 0.218750 1828
112 0.250000 1373
112 0.281250 1016
112 0.312500 656
112 0.343750 396
112 0.375000 213
112 0.406250 85
112 0.437500 18
112 0.468750 1
112 0.500000 0
112 0.531250 0
112 0.562500 3
112 0.593750 60
112 0.625000 242
112 0.656250 637
112 0.687500 1135
112 0.718750 2027
112 0.750000 2867
112 0.781250 3589
112 0.812500 4359
112 0.843750 4835
112 0.875000 5290
112 0.906250 5430
112 0.937500 5494
112 0.968750 5339
113 0.000000 4979
113 0.031250 4787
113 0.062500 4100
113 0.093750 3804
113 0.125000 3234
113 0.156250 2711
113 0.187500 2246
113 0.218750 1774
113 0.250000 1388
113 0.281250 983
113 0.312500 671
113 0.343750 362
113 0.375000 214
113 0.406250 79
113 0.437500 17
113 0.468750 1
113 0.500000 0
113 0.531250 0
113 0.562500 6
113 0.593750 72
113 0.625000 249
113 0.656250 626
113 0.687500 1186
113 0.718750 1911
113 0.750000 2852
113 0.781250 3614
113 0.812500 4369
113 0.843750 4792
113 0.875000 5257
113 0.906250 5498
113 0.937500 5395
113 0.968750 5069
114 0.000000 4982
114 0.031250 4492
114 0.062500 4098
114 0.093750 3608
114 0.125000 3174
114 0.156250 2669
114 0.187500 2226
114 0.218750 1758
114 0.250000 1352
114 0.281250 949
114 0.312500 640
114 0.343750 369
114 0.375000 185
114 0.406250 92
114 0.437500 14
114 0.468750 0
114 0.500000 0
114 0.531250 0
114 0.562500 7
114 0.593750 75
114 0.625000 215
114 0.656250 657
114 0.687500 1205
114 0.718750 1977
114 0.750000 2790
114 0.781250 3494
114 0.812500 4284
114 0.843750 4805
114 0.875000 5261
114 0.906250 5447
114 0.937500 5533
114 0.968750 5248
115 0.000000 5028
115 0.031250 4600
115 0.062500 4035
115 0.093750 3684
115 0.125000 3169
115 0.156250 2590
115 0.187500 2176
115 0.218750 1742
115 0.250000 1278
115 0.281250 968
115 0.312500 608
115 0.343750 407
115 0.375000 188
115 0.406250 95
115 0.437500 11
115 0.468750 0
115 0.500000 0
115 0.531250 0
115 0.562500 3
115 0.593750 56
115 0.625000 251
115 0.656250 588
115 0.687500 1178
115 0.718750 1999
115 0.750000 2833
115 0.781250 3536
115 0.812500 4284
115 0.843750 4870
115 0.875000 5205
115 0.906250 5372
115 0.937500 5321
115 0.968750 5212
116 0.000000 4853
116 0.031250 4570
116 0.062500 4095
116 0.093750 3696
116 0.125000 3170
116 0.156250 2678
116 0.187500 2187
116 0.218750 1723
116 0.250000 1282
116 0.281250 961
116 0.312500 688
116 0.343750 407
116 0.375000 241
116 0.406250 87
116 0.437500 17
116 0.468750 0
116 0.500000 0
116 0.531250 0
116 0.562500 9
116 0.593750 70
116 0.625000 259
116 0.656250 625
116 0.687500 1219
116 0.718750 1937
116 0.750000 2743
116 0.781250 3515
116 0.812500 4271
116 0.843750 4858
116 0.875000 5262
116 0.906250 5202
116 0.937500 5415
116 0.968750 5193
117 0.000000 4824
117 0.031250 4575
117 0.062500 4144
117 0.093750 3615
117 0.125000 3109
117 0.156250 2646
117 0.187500 2153
117 0.218750 1754
117 0.250000 1302
117 0.281250 1001
117 0.312500 618
117 0.343750 383
117 0.375000 199
117 0.406250 97
117 0.437500 13
117 0.468750 0
117 0.500000 0
117 0.531250 0
117 0.562500 5
117 0.593750 60
117 0.625000 244
117 0.656250 643
117 0.687500 1188
117 0.718750 1934
117 0.750000 2808
117 0.781250 3573
117 0.812500 4246
117 0.843750 4834
117 0.875000 5146
117 0.906250 5304
117 0.937500 5368
117 0.968750 5151
118 0.000000 4847
118 0.031250 4389
118 0.062500 3989
118 0.093750 3520
118 0.125000 3167
118 0.156250 2615
118 0.187500 2095
118 0.218750 1744
118 0.250000 1262
118 0.281250 961
118 0.312500 619
118 0.343750 390
118 0.375000 196
118 0.406250 83
118 0.437500 13
118 0.468750 0
118 0.500000 0
118 0.531250 0
118 0.562500 4
118 0.593750 64
118 0.625000 250
118 0.656250 592
118 0.687500 1158
118 0.718750 2004
118 0.750000 2751
118 0.781250 3551
118 0.812500 4233
118 0.843750 4801
118 0.875000 5172
118 0.906250 5273
118 0.937500 5216
118 0.968750 5193
119 0.000000 4876
119 0.031250 4520
119 0.062500 4116
119 0.093750 3576
119 0.125000 3065
119 0.156250 2518
119 0.187500 2139
119 0.218750 1692
119 0.250000 1302
119 0.281250 907
119 0.312500 629
119 0.343750 385
119 0.375000 214
119 0.406250 88
119 0.437500 21
119 0.468750 1
119 0.500000 0
119 0.531250 0
119 0.562500 5
119 0.593750 55
119 0.625000 234
119 0.656250 614
119 0.687500 1209
119 0.718750 1893
119 0.750000 2758
119 0.781250 3518
119 0.812500 4192
119 0.843750 4743
119 0.875000 5099
119 0.906250 5347
119 0.937500 5198
119 0.968750 5209
120 0.000000 4838
120 0.031250 4390
120 0.062500 3990
120 0.093750 3628
120 0.125000 3093
120 0.156250 2513
120 0.187500 2100
120 0.218750 1718
120 0.250000 1368
120 0.281250 910
120 0.312500 625
120 0.343750 350
120 0.375000 217
120 0.406250 72
120 0.437500 21
120 0.468750 0
120 0.500000 0
120 0.531250 0
120 0.562500 5
120 0.593750 57
120 0.625000 252
120 0.656250 614
120 0.687500 1198
120 0.718750 1900
120 0.750000 2742
120 0.781250 3406
120 0.812500 4292
120 0.843750 4736
120 0.875000 5032
120 0.906250 5251
120 0.937500 5386
120 0.968750 5114
121 0.000000 4785
121 0.031250 4311
121 0.062500 3884
121 0.093750 3552
121 0.125000 3017
121 0.156250 2586
121 0.187500 2188
121 0.218750 1695
121 0.250000 1223
121 0.281250 933
121 0.312500 630
121 0.343750 377
121 0.375000 213
121 0.406250 71
121 0.437500 12
121 0.468750 1
121 0.500000 0
121 0.531250 0
121 0.562500 4
121 0.593750 66
121 0.625000 263
121 0.656250 597
121 0.687500 1184
121 0.718750 1857
121 0.750000 2775
121 0.781250 3442
121 0.812500 4173
121 0.843750 4680
121 0.875000 5062
121 0.906250 5247
121 0.937500 5146
121 0.968750 5050
122 0.000000 4728
122 0.031250 4353
122 0.062500 3996
122 0.093750 3447
122 0.125000 3035
122 0.156250 2580
122 0.187500 2032
122 0.218750 1629
122 0.250000 1308
122 0.281250 935
122 0.312500 608
122 0.343750 388
122 0.375000 192
122 0.406250 77
122 0.437500 13
122 0.468750 0
122 0.500000 0
122 0.531250 0
122 0.562500 2
122 0.593750 64
122 0.625000 253
122 0.656250 638
122 0.687500 1068
122 0.718750 1850
122 0.750000 2746
122 0.781250 3484
122 0.812500 4147
122 0.843750 4805
122 0.875000 5164
122 0.906250 5239
122 0.937500 5101
122 0.968750 5112
123 0.000000 4648
123 0.031250 4311
123 0.062500 3938
123 0.093750 3527
123 0.125000 3057
123 0.156250 2520
123 0.187500 2077
123 0.218750 1661
123 0.250000 1266
123 0.281250 923
123 0.312500 594
123 0.343750 375
123 0.375000 205
123 0.406250 76
123 0.437500 11
123 0.468750 2
123 0.500000 0
123 0.531250 0
123 0.562500 4
123 0.593750 46
123 0.625000 205
123 0.656250 566
123 0.687500 1169
123 0.718750 1872
123 0.750000 2656
123 0.781250 3507
123 0.812500 4084
123 0.843750 4722
123 0.875000 5002
123 0.906250 5275
123 0.937500 5056
123 0.968750 4933
124 0.000000 4605
124 0.031250 4414
124 0.062500 3905
124 0.093750 3524
124 0.125000 2921
124 0.156250 2472
124 0.187500 2117
124 0.218750 1695
124 0.250000 1334
124 0.281250 907
124 0.312500 576
124 0.343750 393
124 0.375000 190
124 0.406250 69
124 0.437500 18
124 0.468750 1
124 0.500000 0
124 0.531250 0
124 0.562500 6
124 0.593750 55
124 0.625000 225
124 0.656250 638
124 0.687500 1146
124 0.718750 1935
124 0.750000 2791
124 0.781250 3471
124 0.812500 4068
124 0.843750 4536
124 0.875000 5019
124 0.906250 5312
124 0.937500 5091
124 0.968750 4909
125 0.000000 4692
125 0.031250 4287
125 0.062500 3895
125 0.093750 3328
125 0.125000 2876
125 0.156250 2467
125 0.187500 2082
125 0.218750 1636
125 0.250000 1312
125 0.281250 871
125 0.312500 628
125 0.343750 362
125 0.375000 205
125 0.406250 69
125 0.437500 14
125 0.468750 0
125 0.500000 0
125 0.531250 0
125 0.562500 2
125 0.593750 59
125 0.625000 248
125 0.656250 594
125 0.687500 1152
125 0.718750 1852
125 0.750000 2721
125 0.781250 3360
125 0.812500 4153
125 0.843750 4614
125 0.875000 4974
125 0.906250 5037
125 0.937500 4977
125 0.968750 4883
126 0.000000 4665
126 0.031250 4298
126 0.062500 3743
126 0.093750 3454
126 0.125000 2975
126 0.156250 2539
126 0.187500 2044
126 0.218750 1607
126 0.250000 1174
126 0.281250 889
126 0.312500 611
126 0.343750 358
126 0.375000 180
126 0.406250 80
126 0.437500 15
126 0.468750 0
126 0.500000 0
126 0.531250 0
126 0.562500 1
126 0.593750 54
126 0.625000 265
126 0.656250 594
126 0.687500 1099
126 0.718750 1800
126 0.750000 2708
126 0.781250 3511
126 0.812500 4008
126 0.843750 4479
126 0.875000 4866
126 0.906250 5023
126 0.937500 5206
126 0.968750 4970
127 0.000000 4630
127 0.031250 4150
127 0.062500 3699
127 0.093750 3461
127 0.125000 2839
127 0.156250 2484
127 0.187500 1948
127 0.218750 1585
127 0.250000 1202
127 0.281250 885
127 0.312500 598
127 0.343750 338
127 0.375000 198
127 0.406250 82
127 0.437500 19
127 0.468750 0
127 0.500000 0
127 0.531250 0
127 0.562500 3
127 0.593750 57
127 0.625000 231
127 0.656250 560
127 0.687500 1128
127 0.718750 1813
127 0.750000 2754
127 0.781250 3432
127 0.812500 3932
127 0.843750 4611
127 0.875000 4885
127 0.906250 5051
127 0.937500 5083
127 0.968750 4815
128 0.000000 4683
128 0.031250 4054
128 0.062500 3851
128 0.093750 3315
128 0.125000 2911
128 0.156250 2397
128 0.187500 2013
128 0.218750 1586
128 0.250000 1226
128 0.281250 927
128 0.312500 582
128 0.343750 324
128 0.375000 195
128 0.406250 83
128 0.437500 7
128 0.468750 1
128 0.500000 0
128 0.531250 0
128 0.562500 5
128 0.593750 65
128 0.625000 245
128 0.656250 565
128 0.687500 1075
128 0.718750 1860
128 0.750000 2631
128 0.781250 3357
128 0.812500 4143
128 0.843750 4445
128 0.875000 4967
128 0.906250 5023
128 0.937500 4944
128 0.968750 4779
129 0.000000 4528
129 0.031250 4154
129 0.062500 3804
129 0.093750 3264
129 0.125000 2844
129 0.156250 2483
129 0.187500 1920
129 0.218750 1552
129 0.250000 1258
129 0.281250 882
129 0.312500 600
129 0.343750 332
129 0.375000 183
129 0.406250 91
129 0.437500 22
129 0.468750 1
129 0.500000 0
129 0.531250 0
129 0.562500 3
129 0.593750 50
129 0.625000 218
129 0.656250 580
129 0.687500 1144
129 0.718750 1856
129 0.750000 2648
129 0.781250 3252
129 0.812500 3932
129 0.843750 4483
129 0.875000 4924
129 0.906250 4943
129 0.937500 5103
129 0.968750 4844
130 0.000000 4354
130 0.031250 4056
130 0.062500 3661
130 0.093750 3207
130 0.125000 2777
130 0.156250 2410
130 0.187500 1897
130 0.218750 1507
130 0.250000 1222
130 0.281250 813
130 0.312500 602
130 0.343750 341
130 0.375000 205
130 0.406250 84
130 0.437500 11
130 0.468750 0
130 0.500000 0
130 0.531250 0
130 0.562500 6
130 0.593750 58
130 0.625000 205
130 0.656250 576
130 0.687500 1142
130 0.718750 1786
130 0.750000 2559
130 0.781250 3329
130 0.812500 3997
130 0.843750 4401
130 0.875000 4837
130 0.906250 4849
130 0.937500 4778
130 0.968750 4646
131 0.000000 4465
131 0.031250 4022
131 0.062500 3642
131 0.093750 3156
131 0.125000 2806
131 0.156250 2309
131 0.187500 1991
131 0.218750 1552
131 0.250000 1200
131 0.281250 860
131 0.312500 567
131 0.343750 348
131 0.375000 185
131 0.406250 68
131 0.437500 10
131 0.468750 0
131 0.500000 0
131 0.531250 0
131 0.562500 3
131 0.593750 61
131 0.625000 214
131 0.656250 595
131 0.687500 1123
131 0.718750 1826
131 0.750000 2527
131 0.781250 3295
131 0.812500 4000
131 0.843750 4397
131 0.875000 4809
131 0.906250 4868
131 0.937500 4960
131 0.968750 4832
132 0.000000 4396
132 0.031250 4064
132 0.062500 3614
132 0.093750 3223
132 0.125000 2838
132 0.156250 2268
132 0.187500 1946
132 0.218750 1531
132 0.250000 1165
132 0.281250 820
132 0.312500 567
132 0.343750 342
132 0.375000 196
132 0.406250 77
132 0.437500 15
132 0.468750 1
132 0.500000 0
132 0.531250 0
132 0.562500 7
132 0.593750 76
132 0.625000 271
132 0.656250 575
132 0.687500 1139
132 0.718750 1833
132 0.750000 2509
132 0.781250 3302
132 0.812500 3941
132 0.843750 4565
132 0.875000 4713
132 0.906250 4939
132 0.937500 4800
132 0.968750 4671
133 0.000000 4349
133 0.031250 3957
133 0.062500 3640
133 0.093750 3140
133 0.125000 2726
133 0.156250 2283
133 0.187500 1971
133 0.218750 1529
133 0.250000 1151
133 0.281250 819
133 0.312500 562
133 0.343750 368
133 0.375000 192
133 0.406250 82
133 0.437500 25
133 0.468750 1
133 0.500000 0
133 0.531250 0
133 0.562500 6
133 0.593750 49
133 0.625000 219
133 0.656250 588
133 0.687500 1129
133 0.718750 1774
133 0.750000 2514
133 0.781250 3327
133 0.812500 4011
133 0.843750 4285
133 0.875000 4658
133 0.906250 4883
133 0.937500 4773
133 0.968750 4538
134 0.000000 4361
134 0.031250 3874
134 0.062500 3473
134 0.093750 3123
134 0.125000 2772
134 0.156250 2293
134 0.187500 1895
134 0.218750 1539
134 0.250000 1183
134 0.281250 806
134 0.312500 561
134 0.343750 321
134 0.375000 170
134 0.406250 76
134 0.437500 15
134 0.468750 1
134 0.500000 0
134 0.531250 0
134 0.562500 1
134 0.593750 53
134 0.625000 192
134 0.656250 586
134 0.687500 1053
134 0.718750 1802
134 0.750000 2544
134 0.781250 3206
134 0.812500 3929
134 0.843750 4306
134 0.875000 4708
134 0.906250 4638
134 0.937500 4791
134 0.968750 4564
135 0.000000 4293
135 0.031250 3998
135 0.062500 3516
135 0.093750 3127
135 0.125000 2749
135 0.156250 2252
135 0.187500 1807
135 0.218750 1441
135 0.250000 1098
135 0.281250 779
135 0.312500 551
135 0.343750 345
135 0.375000 195
135 0.406250 76
135 0.437500 20
135 0.468750 0
135 0.500000 0
135 0.531250 0
135 0.562500 3
135 0.593750 59
135 0.625000 232
135 0.656250 540
135 0.687500 1072
135 0.718750 1753
135 0.750000 2450
135 0.781250 3141
135 0.812500 3805
135 0.843750 4389
135 0.875000 4705
135 0.906250 4882
135 0.937500 4754
135 0.968750 4608
136 0.000000 4396
136 0.031250 3929
136 0.062500 3591
136 0.093750 3178
136 0.125000 2643
136 0.156250 2346
136 0.187500 1756
136 0.218750 1423
136 0.250000 1213
136 0.281250 841
136 0.312500 521
136 0.343750 315
136 0.375000 166
136 0.406250 74
136 0.437500 13
136 0.468750 1
136 0.500000 0
136 0.531250 0
136 0.562500 5
136 0.593750 50
136 0.625000 237
136 0.656250 554
136 0.687500 1081
136 0.718750 1780
136 0.750000 2471
136 0.781250 3215
136 0.812500 3921
136 0.843750 4357
136 0.875000 4627
136 0.906250 4705
136 0.937500 4668
136 0.968750 4713
137 0.000000 4168
137 0.031250 3898
137 0.062500 3473
137 0.093750 3072
137 0.125000 2658
137 0.156250 2198
137 0.187500 1833
137 0.218750 1448
137 0.250000 1084
137 0.281250 805
137 0.312500 553
137 0.343750 345
137 0.375000 167
137 0.406250 62
137 0.437500 13
137 0.468750 0
137 0.500000 0
137 0.531250 0
137 0.562500 6
137 0.593750 71
137 0.625000 218
137 0.656250 554
137 0.687500 1050
137 0.718750 1779
137 0.750000 2430
137 0.781250 3099
137 0.812500 3775
137 0.843750 4250
137 0.875000 4587
137 0.906250 4601
137 0.937500 4585
137 0.968750 4514
138 0.000000 4061
138 0.031250 3844
138 0.062500 3401
138 0.093750 3075
138 0.125000 2641
138 0.156250 2245
138 0.187500 1884
138 0.218750 1460
138 0.250000 1133
138 0.281250 789
138 0.312500 580
138 0.343750 312
138 0.375000 176
138 0.406250 67
138 0.437500 12
138 0.468750 0
138 0.500000 0
138 0.531250 0
138 0.562500 6
138 0.593750 53
138 0.625000 222
138 0.656250 573
138 0.687500 1093
138 0.718750 1696
138 0.750000 2526
138 0.781250 3176
138 0.812500 3805
138 0.843750 4122
138 0.875000 4557
138 0.906250 4663
138 0.937500 4577
138 0.968750 4487
139 0.000000 4037
139 0.031250 3881
139 0.062500 3364
139 0.093750 2994
139 0.125000 2492
139 0.156250 2201
139 0.187500 1804
139 0.218750 1410
139 0.250000 1108
139 0.281250 841
139 0.312500 518
139 0.343750 358
139 0.375000 192
139 0.406250 62
139 0.437500 12
139 0.468750 2
139 0.500000 0
139 0.531250 0
139 0.562500 7
139 0.593750 42
139 0.625000 229
139 0.656250 542
139 0.687500 1032
139 0.718750 1732
139 0.750000 2440
139 0.781250 3102
139 0.812500 3589
139 0.843750 4261
139 0.875000 4427
139 0.906250 4533
139 0.937500 4771
139 0.968750 4413
140 0.000000 4100
140 0.031250 3833
140 0.062500 3524
140 0.093750 2953
140 0.125000 2618
140 0.156250 2129
140 0.187500 1802
140 0.218750 1424
140 0.250000 1088
140 0.281250 789
140 0.312500 511
140 0.343750 289
140 0.375000 174
140 0.406250 81
140 0.437500 19
140 0.468750 1
140 0.500000 0
140 0.531250 0
140 0.562500 7
140 0.593750 64
140 0.625000 225
140 0.656250 583
140 0.687500 1041
140 0.718750 1719
140 0.750000 2481
140 0.781250 3131
140 0.812500 3680
140 0.843750 4126
140 0.875000 4430
140 0.906250 4609
140 0.937500 4537
140 0.968750 4270
141 0.000000 4014
141 0.031250 3816
141 0.062500 3259
141 0.093750 2882
141 0.125000 2562
141 0.156250 2200
141 0.187500 1778
141 0.218750 1451
141 0.250000 1102
141 0.281250 824
141 0.312500 575
141 0.343750 333
141 0.375000 164
141 0.406250 63
141 0.437500 11
141 0.468750 1
141 0.500000 0
141 0.531250 0
141 0.562500 3
141 0.593750 62
141 0.625000 222
141 0.656250 579
141 0.687500 997
141 0.718750 1659
141 0.750000 2364
141 0.781250 3109
141 0.812500 3652
141 0.843750 4080
141 0.875000 4435
141 0.906250 4606
141 0.937500 4541
141 0.968750 4211
142 0.000000 4181
142 0.031250 3524
142 0.062500 3320
142 0.093750 2891
142 0.125000 2547
142 0.156250 2181
142 0.187500 1751
142 0.218750 1356
142 0.250000 1136
142 0.281250 798
142 0.312500 512
142 0.343750 323
142 0.375000 182
142 0.406250 77
142 0.437500 9
142 0.468750 1
142 0.500000 0
142 0.531250 0
142 0.562500 0
142 0.593750 68
142 0.625000 243
142 0.656250 554
142 0.687500 1043
142 0.718750 1667
142 0.750000 2419
142 0.781250 3102
142 0.812500 3602
142 0.843750 4072
142 0.875000 4416
142 0.906250 4424
142 0.937500 4504
142 0.968750 4290
143 0.000000 4028
143 0.031250 3661
143 0.062500 3372
143 0.093750 2913
143 0.125000 2575
143 0.156250 2080
143 0.187500 1693
143 0.218750 1370
143 0.250000 1048
143 0.281250 792
143 0.312500 511
143 0.343750 326
143 0.375000 193
143 0.406250 77
143 0.437500 14
143 0.468750 0
143 0.500000 0
143 0.531250 0
143 0.562500 2
143 0.593750 56
143 0.625000 199
143 0.656250 537
143 0.687500 981
143 0.718750 1726
143 0.750000 2314
143 0.781250 3082
143 0.812500 3751
143 0.843750 3946
143 0.875000 4270
143 0.906250 4504
143 0.937500 4439
143 0.968750 4311
144 0.000000 3799
144 0.031250 3686
144 0.062500 3320
144 0.093750 2893
144 0.125000 2435
144 0.156250 2059
144 0.187500 1714
144 0.218750 1339
144 0.250000 1090
144 0.281250 733
144 0.312500 519
144 0.343750 346
144 0.375000 188
144 0.406250 74
144 0.437500 21
144 0.468750 1
144 0.500000 0
144 0.531250 0
144 0.562500 6
144 0.593750 54
144 0.625000 209
144 0.656250 520
144 0.687500 1045
144 0.718750 1666
144 0.750000 2411
144 0.781250 2962
144 0.812500 3607
144 0.843750 3986
144 0.875000 4316
144 0.906250 4317
144 0.937500 4318
144 0.968750 4222
145 0.000000 3796
145 0.031250 3571
145 0.062500 3400
145 0.093750 2735
145 0.125000 2401
145 0.156250 2104
145 0.187500 1703
145 0.218750 1401
145 0.250000 1063
145 0.281250 699
145 0.312500 512
145 0.343750 315
145 0.375000 174
145 0.406250 61
145 0.437500 16
145 0.468750 1
145 0.500000 0
145 0.531250 0
145 0.562500 5
145 0.593750 43
145 0.625000 233
145 0.656250 558
145 0.687500 1060
145 0.718750 1631
145 0.750000 2303
145 0.781250 3011
145 0.812500 3558
145 0.843750 3875
145 0.875000 4296
145 0.906250 4340
145 0.937500 4389
145 0.968750 4145
146 0.000000 3859
146 0.031250 3655
146 0.062500 3162
146 0.093750 2857
146 0.125000 2428
146 0.156250 1922
146 0.187500 1672
146 0.218750 1312
146 0.250000 1063
146 0.281250 750
146 0.312500 499
146 0.343750 322
146 0.375000 167
146 0.406250 83
146 0.437500 13
146 0.468750 1
146 0.500000 0
146 0.531250 0
146 0.562500 7
146 0.593750 54
146 0.625000 208
146 0.656250 551
146 0.687500 1043
146 0.718750 1630
146 0.750000 2334
146 0.781250 2979
146 0.812500 3548
146 0.843750 3826
146 0.875000 4202
146 0.906250 4216
146 0.937500 4328
146 0.968750 4115
147 0.000000 3947
147 0.031250 3499
147 0.062500 3048
147 0.093750 2860
147 0.125000 2378
147 0.156250 2039
147 0.187500 1730
147 0.218750 1322
147 0.250000 1060
147 0.281250 744
147 0.312500 531
147 0.343750 305
147 0.375000 149
147 0.406250 80
147 0.437500 16
147 0.468750 1
147 0.500000 0
147 0.531250 0
147 0.562500 3
147 0.593750 48
147 0.625000 210
147 0.656250 551
147 0.687500 1074
147 0.718750 1654
147 0.750000 2285
147 0.781250 2920
147 0.812500 3517
147 0.843750 3961
147 0.875000 4158
147 0.906250 4302
147 0.937500 4252
147 0.968750 4145
148 0.000000 3799
148 0.031250 3525
148 0.062500 3107
148 0.093750 2720
148 0.125000 2461
148 0.156250 1974
148 0.187500 1689
148 0.218750 1300
148 0.250000 981
148 0.281250 706
148 0.312500 490
148 0.343750 339
148 0.375000 174
148 0.406250 61
148 0.437500 9
148 0.468750 0
148 0.500000 0
148 0.531250 0
148 0.562500 4
148 0.593750 46
148 0.625000 198
148 0.656250 547
148 0.687500 1031
148 0.718750 1589
148 0.750000 2306
148 0.781250 2874
148 0.812500 3545
148 0.843750 3917
148 0.875000 4133
148 0.906250 4250
148 0.937500 4223
148 0.968750 4099
149 0.000000 3788
149 0.031250 3408
149 0.062500 3096
149 0.093750 2781
149 0.125000 2382
149 0.156250 1946
149 0.187500 1598
149 0.218750 1261
149 0.250000 1028
149 0.281250 745
149 0.312500 465
149 0.343750 308
149 0.375000 165
149 0.406250 88
149 0.437500 10
149 0.468750 0
149 0.500000 0
149 0.531250 0
149 0.562500 4
149 0.593750 46
149 0.625000 216
149 0.656250 515
149 0.687500 1061
149 0.718750 1677
149 0.750000 2360
149 0.781250 2871
149 0.812500 3431
149 0.843750 3898
149 0.875000 4049
149 0.906250 4171
149 0.937500 3978
149 0.968750 3979
150 0.000000 3721
150 0.031250 3382
150 0.062500 2928
150 0.093750 2725
150 0.125000 2224
150 0.156250 1972
150 0.187500 1647
150 0.218750 1299
150 0.250000 974
150 0.281250 730
150 0.312500 516
150 0.343750 310
150 0.375000 144
150 0.406250 51
150 0.437500 13
150 0.468750 0
150 0.500000 0
150 0.531250 0
150 0.562500 5
150 0.593750 56
150 0.625000 211
150 0.656250 483
150 0.687500 1018
150 0.718750 1524
150 0.750000 2315
150 0.781250 2951
150 0.812500 3488
150 0.843750 3803
150 0.875000 4120
150 0.906250 4194
150 0.937500 4113
150 0.968750 3963
151 0.000000 3640
151 0.031250 3400
151 0.062500 3030
151 0.093750 2686
151 0.125000 2237
151 0.156250 1891
151 0.187500 1551
151 0.218750 1230
151 0.250000 1012
151 0.281250 699
151 0.312500 479
151 0.343750 296
151 0.375000 175
151 0.406250 62
151 0.437500 14
151 0.468750 1
151 0.500000 0
151 0.531250 0
151 0.562500 3
151 0.593750 36
151 0.625000 205
151 0.656250 475
151 0.687500 993
151 0.718750 1618
151 0.750000 2193
151 0.781250 2867
151 0.812500 3267
151 0.843750 3892
151 0.875000 4042
151 0.906250 4144
151 0.937500 4188
151 0.968750 3977
152 0.000000 3641
152 0.031250 3290
152 0.062500 3022
152 0.093750 2490
152 0.125000 2190
152 0.156250 1979
152 0.187500 1506
152 0.218750 1272
152 0.250000 961
152 0.281250 747
152 0.312500 488
152 0.343750 283
152 0.375000 175
152 0.406250 71
152 0.437500 13
152 0.468750 0
152 0.500000 0
152 0.531250 0
152 0.562500 7
152 0.593750 58
152 0.625000 203
152 0.656250 508
152 0.687500 994
152 0.718750 1553
152 0.750000 2223
152 0.781250 2808
152 0.812500 3356
152 0.843750 3827
152 0.875000 3863
152 0.906250 4037
152 0.937500 4032
152 0.968750 3909
153 0.000000 3583
153 0.031250 3208
153 0.062500 2909
153 0.093750 2531
153 0.125000 2251
153 0.156250 1767
153 0.187500 1480
153 0.218750 1256
153 0.250000 912
153 0.281250 684
153 0.312500 467
153 0.343750 260
153 0.375000 162
153 0.406250 66
153 0.437500 5
153 0.468750 0
153 0.500000 0
153 0.531250 0
153 0.562500 1
153 0.593750 45
153 0.625000 198
153 0.656250 464
153 0.687500 904
153 0.718750 1457
153 0.750000 2109
153 0.781250 2846
153 0.812500 3275
153 0.843750 3676
153 0.875000 3953
153 0.906250 4007
153 0.937500 3978
153 0.968750 3808
154 0.000000 3450
154 0.031250 3329
154 0.062500 2710
154 0.093750 2423
154 0.125000 2226
154 0.156250 1871
154 0.187500 1513
154 0.218750 1188
154 0.250000 938
154 0.281250 684
154 0.312500 460
154 0.343750 246
154 0.375000 151
154 0.406250 66
154 0.437500 15
154 0.468750 0
154 0.500000 0
154 0.531250 0
154 0.562500 4
154 0.593750 43
154 0.625000 187
154 0.656250 477
154 0.687500 942
154 0.718750 1524
154 0.750000 2104
154 0.781250 2769
154 0.812500 3135
154 0.843750 3592
154 0.875000 3928
154 0.906250 4024
154 0.937500 3939
154 0.968750 3815
155 0.000000 3467
155 0.031250 3191
155 0.062500 2869
155 0.093750 2505
155 0.125000 2138
155 0.156250 1821
155 0.187500 1467
155 0.218750 1163
155 0.250000 859
155 0.281250 675
155 0.312500 472
155 0.343750 298
155 0.375000 158
155 0.406250 63
155 0.437500 10
155 0.468750 0
155 0.500000 0
155 0.531250 0
155 0.562500 6
155 0.593750 43
155 0.625000 203
155 0.656250 479
155 0.687500 961
155 0.718750 1475
155 0.750000 2117
155 0.781250 2750
155 0.812500 3278
155 0.843750 3520
155 0.875000 3894
155 0.906250 4003
155 0.937500 3873
155 0.968750 3751
156 0.000000 3448
156 0.031250 3137
156 0.062500 2781
156 0.093750 2484
156 0.125000 2126
156 0.156250 1747
156 0.187500 1384
156 0.218750 1159
156 0.250000 892
156 0.281250 665
156 0.312500 431
156 0.343750 277
156 0.375000 141
156 0.406250 47
156 0.437500 8
156 0.468750 0
156 0.500000 0
156 0.531250 0
156 0.562500 2
156 0.593750 58
156 0.625000 209
156 0.656250 439
156 0.687500 919
156 0.718750 1502
156 0.750000 2048
156 0.781250 2621
156 0.812500 3195
156 0.843750 3472
156 0.875000 3672
156 0.906250 3856
156 0.937500 3851
156 0.968750 3702
157 0.000000 3335
157 0.031250 3029
157 0.062500 2752
157 0.093750 2434
157 0.125000 2085
157 0.156250 1722
157 0.187500 1465
157 0.218750 1142
157 0.250000 908
157 0.281250 609
157 0.312500 458
157 0.343750 259
157 0.375000 136
157 0.406250 58
157 0.437500 12
157 0.468750 0
157 0.500000 0
157 0.531250 0
157 0.562500 4
157 0.593750 43
157 0.625000 207
157 0.656250 471
157 0.687500 942
157 0.718750 1504
157 0.750000 2066
157 0.781250 2583
157 0.812500 3079
157 0.843750 3408
157 0.875000 3627
157 0.906250 3794
157 0.937500 3885
157 0.968750 3614
158 0.000000 3354
158 0.031250 3038
158 0.062500 2625
158 0.093750 2388
158 0.125000 1984
158 0.156250 1719
158 0.187500 1445
158 0.218750 1096
158 0.250000 853
158 0.281250 668
158 0.312500 417
158 0.343750 261
158 0.375000 153
158 0.406250 59
158 0.437500 10
158 0.468750 0
158 0.500000 0
158 0.531250 0
158 0.562500 1
158 0.593750 48
158 0.625000 173
158 0.656250 475
158 0.687500 828
158 0.718750 1401
158 0.750000 2067
158 0.781250 2562
158 0.812500 2967
158 0.843750 3448
158 0.875000 3528
158 0.906250 3694
158 0.937500 3628
158 0.968750 3466
159 0.000000 3292
159 0.031250 2888
159 0.062500 2704
159 0.093750 2337
159 0.125000 1938
159 0.156250 1700
159 0.187500 1445
159 0.218750 1198
159 0.250000 852
159 0.281250 673
159 0.312500 440
159 0.343750 249
159 0.375000 134
159 0.406250 73
159 0.437500 5
159 0.468750 1
159 0.500000 0
159 0.531250 0
159 0.562500 3
159 0.593750 45
159 0.625000 201
159 0.656250 489
159 0.687500 833
159 0.718750 1418
159 0.750000 2013
159 0.781250 2525
159 0.812500 3067
159 0.843750 3406
159 0.875000 3554
159 0.906250 3766
159 0.937500 3682
159 0.968750 3540
160 0.000000 3262
160 0.031250 2904
160 0.062500 2594
160 0.093750 2220
160 0.125000 1885
160 0.156250 1659
160 0.187500 1319
160 0.218750 1110
160 0.250000 854
160 0.281250 659
160 0.312500 407
160 0.343750 267
160 0.375000 145
160 0.406250 51
160 0.437500 13
160 0.468750 0
160 0.500000 0
160 0.531250 0
160 0.562500 4
160 0.593750 40
160 0.625000 178
160 0.656250 449
160 0.687500 924
160 0.718750 1349
160 0.750000 1961
160 0.781250 2583
160 0.812500 3002
160 0.843750 3393
160 0.875000 3633
160 0.906250 3626
160 0.937500 3581
160 0.968750 3544
161 0.000000 3116
161 0.031250 2859
161 0.062500 2659
161 0.093750 2241
161 0.125000 1892
161 0.156250 1656
161 0.187500 1306
161 0.218750 1102
161 0.250000 785
161 0.281250 647
161 0.312500 437
161 0.343750 266
161 0.375000 137
161 0.406250 69
161 0.437500 13
161 0.468750 0
161 0.500000 0
161 0.531250 0
161 0.562500 5
161 0.593750 45
161 0.625000 201
161 0.656250 455
161 0.687500 856
161 0.718750 1369
161 0.750000 1968
161 0.781250 2483
161 0.812500 2883
161 0.843750 3435
161 0.875000 3556
161 0.906250 3514
161 0.937500 3493
161 0.968750 3344
162 0.000000 3100
162 0.031250 2952
162 0.062500 2492
162 0.093750 2193
162 0.125000 1911
162 0.156250 1595
162 0.187500 1321
162 0.218750 1049
162 0.250000 855
162 0.281250 619
162 0.312500 400
162 0.343750 268
162 0.375000 140
162 0.406250 64
162 0.437500 11
162 0.468750 0
162 0.500000 0
162 0.531250 0
162 0.562500 3
162 0.593750 41
162 0.625000 196
162 0.656250 457
162 0.687500 898
162 0.718750 1353
162 0.750000 2011
162 0.781250 2460
162 0.812500 2981
162 0.843750 3273
162 0.875000 3532
162 0.906250 3508
162 0.937500 3428
162 0.968750 3424
163 0.000000 3067
163 0.031250 2808
163 0.062500 2438
163 0.093750 2259
163 0.125000 1951
163 0.156250 1599
163 0.187500 1421
163 0.218750 1031
163 0.250000 816
163 0.281250 606
163 0.312500 427
163 0.343750 244
163 0.375000 122
163 0.406250 49
163 0.437500 13
163 0.468750 0
163 0.500000 0
163 0.531250 0
163 0.562500 3
163 0.593750 47
163 0.625000 163
163 0.656250 444
163 0.687500 841
163 0.718750 1396
163 0.750000 1985
163 0.781250 2473
163 0.812500 2920
163 0.843750 3088
163 0.875000 3375
163 0.906250 3634
163 0.937500 3537
163 0.968750 3342
164 0.000000 3090
164 0.031250 2744
164 0.062500 2500
164 0.093750 2169
164 0.125000 1850
164 0.156250 1598
164 0.187500 1307
164 0.218750 1026
164 0.250000 771
164 0.281250 613
164 0.312500 394
164 0.343750 243
164 0.375000 141
164 0.406250 59
164 0.437500 10
164 0.468750 1
164 0.500000 0
164 0.531250 0
164 0.562500 5
164 0.593750 51
164 0.625000 190
164 0.656250 468
164 0.687500 799
164 0.718750 1437
164 0.750000 1877
164 0.781250 2523
164 0.812500 2902
164 0.843750 3199
164 0.875000 3450
164 0.906250 3406
164 0.937500 3412
164 0.968750 3282
165 0.000000 3084
165 0.031250 2743
165 0.062500 2398
165 0.093750 2236
165 0.125000 1780
165 0.156250 1570
165 0.187500 1376
165 0.218750 1090
165 0.250000 784
165 0.281250 614
165 0.312500 419
165 0.343750 227
165 0.375000 143
165 0.406250 50
165 0.437500 15
165 0.468750 0
165 0.500000 0
165 0.531250 0
165 0.562500 6
165 0.593750 45
165 0.625000 183
165 0.656250 471
165 0.687500 781
165 0.718750 1316
165 0.750000 1942
165 0.781250 2443
165 0.812500 2933
165 0.843750 3063
165 0.875000 3464
165 0.906250 3426
165 0.937500 3313
165 0.968750 3255
166 0.000000 2958
166 0.031250 2699
166 0.062500 2466
166 0.093750 2145
166 0.125000 1765
166 0.156250 1573
166 0.187500 1294
166 0.218750 992
166 0.250000 769
166 0.281250 591
166 0.312500 408
166 0.343750 225
166 0.375000 132
166 0.406250 58
166 0.437500 10
166 0.468750 1
166 0.500000 0
166 0.531250 0
166 0.562500 2
166 0.593750 48
166 0.625000 190
166 0.656250 467
166 0.687500 840
166 0.718750 1340
166 0.750000 1884
166 0.781250 2475
166 0.812500 2840
166 0.843750 3244
166 0.875000 3271
166 0.906250 3449
166 0.937500 3326
166 0.968750 3173
167 0.000000 2928
167 0.031250 2708
167 0.062500 2455
167 0.093750 2103
167 0.125000 1858
167 0.156250 1482
167 0.187500 1283
167 0.218750 1026
167 0.250000 803
167 0.281250 574
167 0.312500 402
167 0.343750 248
167 0.375000 179
167 0.406250 57
167 0.437500 7
167 0.468750 0
167 0.500000 0
167 0.531250 0
167 0.562500 3
167 0.593750 42
167 0.625000 185
167 0.656250 451
167 0.687500 825
167 0.718750 1302
167 0.750000 1843
167 0.781250 2383
167 0.812500 2766
167 0.843750 3157
167 0.875000 3353
167 0.906250 3469
167 0.937500 3464
167 0.968750 3323
168 0.000000 2879
168 0.031250 2629
168 0.062500 2371
168 0.093750 2153
168 0.125000 1857
168 0.156250 1540
168 0.187500 1244
168 0.218750 1035
168 0.250000 801
168 0.281250 554
168 0.312500 383
168 0.343750 254
168 0.375000 120
168 0.406250 63
168 0.437500 14
168 0.468750 0
168 0.500000 0
168 0.531250 0
168 0.562500 3
168 0.593750 35
168 0.625000 179
168 0.656250 430
168 0.687500 830
168 0.718750 1326
168 0.750000 1885
168 0.781250 2434
168 0.812500 2752
168 0.843750 3106
168 0.875000 3291
168 0.906250 3400
168 0.937500 3342
168 0.968750 3018
169 0.000000 3004
169 0.031250 2623
169 0.062500 2394
169 0.093750 2104
169 0.125000 1805
169 0.156250 1534
169 0.187500 1258
169 0.218750 999
169 0.250000 780
169 0.281250 533
169 0.312500 416
169 0.343750 232
169 0.375000 143
169 0.406250 68
169 0.437500 10
169 0.468750 1
169 0.500000 0
169 0.531250 0
169 0.562500 1
169 0.593750 31
169 0.625000 149
169 0.656250 415
169 0.687500 822
169 0.718750 1271
169 0.750000 1815
169 0.781250 2377
169 0.812500 2919
169 0.843750 3107
169 0.875000 3225
169 0.906250 3353
169 0.937500 3371
169 0.968750 3214
170 0.000000 2948
170 0.031250 2639
170 0.062500 2407
170 0.093750 1971
170 0.125000 1747
170 0.156250 1516
170 0.187500 1281
170 0.218750 1027
170 0.250000 797
170 0.281250 605
170 0.312500 377
170 0.343750 253
170 0.375000 156
170 0.406250 58
170 0.437500 5
170 0.468750 0
170 0.500000 0
170 0.531250 0
170 0.562500 0
170 0.593750 38
170 0.625000 194
170 0.656250 428
170 0.687500 810
170 0.718750 1329
170 0.750000 1868
170 0.781250 2314
170 0.812500 2671
170 0.843750 3084
170 0.875000 3272
170 0.906250 3301
170 0.937500 3375
170 0.968750 3140
171 0.000000 2910
171 0.031250 2694
171 0.062500 2377
171 0.093750 2131
171 0.125000 1736
171 0.156250 1455
171 0.187500 1188
171 0.218750 985
171 0.250000 714
171 0.281250 559
171 0.312500 369
171 0.343750 241
171 0.375000 124
171 0.406250 55
171 0.437500 8
171 0.468750 1
171 0.500000 0
171 0.531250 0
171 0.562500 2
171 0.593750 39
171 0.625000 182
171 0.656250 466
171 0.687500 812
171 0.718750 1341
171 0.750000 1862
171 0.781250 2332
171 0.812500 2620
171 0.843750 3130
171 0.875000 3305
171 0.906250 3239
171 0.937500 3285
171 0.968750 3179
172 0.000000 2941
172 0.031250 2703
172 0.062500 2314
172 0.093750 2120
172 0.125000 1728
172 0.156250 1495
172 0.187500 1204
172 0.218750 985
172 0.250000 749
172 0.281250 544
172 0.312500 394
172 0.343750 246
172 0.375000 118
172 0.406250 56
172 0.437500 13
172 0.468750 0
172 0.500000 0
172 0.531250 0
172 0.562500 2
172 0.593750 35
172 0.625000 164
172 0.656250 440
172 0.687500 856
172 0.718750 1272
172 0.750000 1862
172 0.781250 2360
172 0.812500 2795
172 0.843750 3099
172 0.875000 3224
172 0.906250 3402
172 0.937500 3283
172 0.968750 2976
173 0.000000 2796
173 0.031250 2595
173 0.062500 2283
173 0.093750 2063
173 0.125000 1717
173 0.156250 1539
173 0.187500 1254
173 0.218750 965
173 0.250000 778
173 0.281250 583
173 0.312500 387
173 0.343750 210
173 0.375000 132
173 0.406250 49
173 0.437500 14
173 0.468750 1
173 0.500000 0
173 0.531250 0
173 0.562500 1
173 0.593750 41
173 0.625000 166
173 0.656250 419
173 0.687500 846
173 0.718750 1338
173 0.750000 1851
173 0.781250 2260
173 0.812500 2703
173 0.843750 2942
173 0.875000 3163
173 0.906250 3228
173 0.937500 3197
173 0.968750 3068
174 0.000000 2842
174 0.031250 2524
174 0.062500 2253
174 0.093750 2021
174 0.125000 1749
174 0.156250 1417
174 0.187500 1170
174 0.218750 990
174 0.250000 762
174 0.281250 525
174 0.312500 360
174 0.343750 226
174 0.375000 130
174 0.406250 49
174 0.437500 8
174 0.468750 1
174 0.500000 0
174 0.531250 0
174 0.562500 2
174 0.593750 48
174 0.625000 166
174 0.656250 434
174 0.687500 763
174 0.718750 1345
174 0.750000 1837
174 0.781250 2366
174 0.812500 2680
174 0.843750 3095
174 0.875000 3138
174 0.906250 3260
174 0.937500 3227
174 0.968750 3018
175 0.000000 2868
175 0.031250 2542
175 0.062500 2207
175 0.093750 1914
175 0.125000 1718
175 0.156250 1446
175 0.187500 1195
175 0.218750 963
175 0.250000 694
175 0.281250 554
175 0.312500 376
175 0.343750 248
175 0.375000 131
175 0.406250 48
175 0.437500 12
175 0.468750 0
175 0.500000 0
175 0.531250 0
175 0.562500 2
175 0.593750 47
175 0.625000 167
175 0.656250 422
175 0.687500 803
175 0.718750 1196
175 0.750000 1777
175 0.781250 2235
175 0.812500 2711
175 0.843750 2940
175 0.875000 3206
175 0.906250 3192
175 0.937500 3154
175 0.968750 2949
176 0.000000 2884
176 0.031250 2551
176 0.062500 2205
176 0.093750 2016
176 0.125000 1689
176 0.156250 1499
176 0.187500 1178
176 0.218750 960
176 0.250000 724
176 0.281250 496
176 0.312500 331
176 0.343750 253
176 0.375000 135
176 0.406250 59
176 0.437500 6
176 0.468750 1
176 0.500000 0
176 0.531250 0
176 0.562500 2
176 0.593750 48
176 0.625000 170
176 0.656250 441
176 0.687500 803
176 0.718750 1340
176 0.750000 1789
176 0.781250 2265
176 0.812500 2701
176 0.843750 2933
176 0.875000 3175
176 0.906250 3257
176 0.937500 3205
176 0.968750 2978
177 0.000000 2595
177 0.031250 2501
177 0.062500 2181
177 0.093750 1961
177 0.125000 1615
177 0.156250 1380
177 0.187500 1131
177 0.218750 927
177 0.250000 736
177 0.281250 550
177 0.312500 380
177 0.343750 239
177 0.375000 126
177 0.406250 50
177 0.437500 8
177 0.468750 1
177 0.500000 0
177 0.531250 0
177 0.562500 5
177 0.593750 41
177 0.625000 164
177 0.656250 418
177 0.687500 807
177 0.718750 1275
177 0.750000 1753
177 0.781250 2225
177 0.812500 2604
177 0.843750 3042
177 0.875000 3157
177 0.906250 3157
177 0.937500 3037
177 0.968750 2895
178 0.000000 2744
178 0.031250 2442
178 0.062500 2173
178 0.093750 1986
178 0.125000 1640
178 0.156250 1364
178 0.187500 1107
178 0.218750 919
178 0.250000 674
178 0.281250 562
178 0.312500 380
178 0.343750 207
178 0.375000 121
178 0.406250 53
178 0.437500 9
178 0.468750 0
178 0.500000 0
178 0.531250 0
178 0.562500 1
178 0.593750 36
178 0.625000 178
178 0.656250 407
178 0.687500 801
178 0.718750 1257
178 0.750000 1742
178 0.781250 2157
178 0.812500 2589
178 0.843750 2858
178 0.875000 3084
178 0.906250 3144
178 0.937500 3023
178 0.968750 2929
179 0.000000 2598
179 0.031250 2401
179 0.062500 2140
179 0.093750 1833
179 0.125000 1571
179 0.156250 1365
179 0.187500 1127
179 0.218750 932
179 0.250000 716
179 0.281250 508
179 0.312500 332
179 0.343750 241
179 0.375000 115
179 0.406250 52
179 0.437500 9
179 0.468750 1
179 0.500000 0
179 0.531250 0
179 0.562500 3
179 0.593750 42
179 0.625000 162
179 0.656250 378
179 0.687500 785
179 0.718750 1207
179 0.750000 1771
179 0.781250 2196
179 0.812500 2551
179 0.843750 2768
179 0.875000 2968
179 0.906250 3025
179 0.937500 3024
179 0.968750 2948
180 0.000000 2608
180 0.031250 2420
180 0.062500 2150
180 0.093750 1827
180 0.125000 1547
180 0.156250 1287
180 0.187500 1110
180 0.218750 941
180 0.250000 677
180 0.281250 504
180 0.312500 355
180 0.343750 237
180 0.375000 127
180 0.406250 57
180 0.437500 10
180 0.468750 0
180 0.500000 0
180 0.531250 0
180 0.562500 1
180 0.593750 43
180 0.625000 147
180 0.656250 388
180 0.687500 746
180 0.718750 1169
180 0.750000 1624
180 0.781250 2158
180 0.812500 2482
180 0.843750 2914
180 0.875000 3004
180 0.906250 2921
180 0.937500 2848
180 0.968750 2804
181 0.000000 2590
181 0.031250 2233
181 0.062500 2051
181 0.093750 1783
181 0.125000 1534
181 0.156250 1252
181 0.187500 1058
181 0.218750 881
181 0.250000 606
181 0.281250 499
181 0.312500 326
181 0.343750 200
181 0.375000 98
181 0.406250 45
181 0.437500 9
181 0.468750 1
181 0.500000 0
181 0.531250 0
181 0.562500 2
181 0.593750 44
181 0.625000 153
181 0.656250 385
181 0.687500 736
181 0.718750 1195
181 0.750000 1614
181 0.781250 1997
181 0.812500 2459
181 0.843750 2695
181 0.875000 2933
181 0.906250 2908
181 0.937500 2878
181 0.968750 2795
182 0.000000 2456
182 0.031250 2275
182 0.062500 1904
182 0.093750 1724
182 0.125000 1466
182 0.156250 1296
182 0.187500 1074
182 0.218750 865
182 0.250000 616
182 0.281250 490
182 0.312500 319
182 0.343750 179
182 0.375000 111
182 0.406250 52
182 0.437500 12
182 0.468750 0
182 0.500000 0
182 0.531250 0
182 0.562500 3
182 0.593750 32
182 0.625000 150
182 0.656250 365
182 0.687500 689
182 0.718750 1183
182 0.750000 1596
182 0.781250 2055
182 0.812500 2383
182 0.843750 2716
182 0.875000 2850
182 0.906250 2799
182 0.937500 2802
182 0.968750 2581
183 0.000000 2357
183 0.031250 2158
183 0.062500 1887
183 0.093750 1741
183 0.125000 1484
183 0.156250 1241
183 0.187500 1010
183 0.218750 740
183 0.250000 613
183 0.281250 498
183 0.312500 307
183 0.343750 196
183 0.375000 100
183 0.406250 59
183 0.437500 12
183 0.468750 0
183 0.500000 0
183 0.531250 0
183 0.562500 1
183 0.593750 38
183 0.625000 135
183 0.656250 384
183 0.687500 686
183 0.718750 1141
183 0.750000 1574
183 0.781250 1939
183 0.812500 2360
183 0.843750 2517
183 0.875000 2783
183 0.906250 2738
183 0.937500 2781
183 0.968750 2574
184 0.000000 2327
184 0.031250 2045
184 0.062500 1866
184 0.093750 1551
184 0.125000 1390
184 0.156250 1239
184 0.187500 968
184 0.218750 808
184 0.250000 609
184 0.281250 433
184 0.312500 303
184 0.343750 204
184 0.375000 107
184 0.406250 53
184 0.437500 7
184 0.468750 0
184 0.500000 0
184 0.531250 0
184 0.562500 2
184 0.593750 38
184 0.625000 148
184 0.656250 397
184 0.687500 681
184 0.718750 1045
184 0.750000 1568
184 0.781250 1892
184 0.812500 2226
184 0.843750 2519
184 0.875000 2625
184 0.906250 2694
184 0.937500 2654
184 0.968750 2541
185 0.000000 2356
185 0.031250 1997
185 0.062500 1873
185 0.093750 1537
185 0.125000 1363
185 0.156250 1145
185 0.187500 982
185 0.218750 729
185 0.250000 552
185 0.281250 450
185 0.312500 312
185 0.343750 182
185 0.375000 103
185 0.406250 40
185 0.437500 6
185 0.468750 1
185 0.500000 0
185 0.531250 0
185 0.562500 2
185 0.593750 41
185 0.625000 162
185 0.656250 337
185 0.687500 641
185 0.718750 1097
185 0.750000 1456
185 0.781250 1852
185 0.812500 2200
185 0.843750 2331
185 0.875000 2535
185 0.906250 2490
185 0.937500 2542
185 0.968750 2434
186 0.000000 2279
186 0.031250 1953
186 0.062500 1811
186 0.093750 1443
186 0.125000 1286
186 0.156250 1079
186 0.187500 912
186 0.218750 753
186 0.250000 563
186 0.281250 418
186 0.312500 304
186 0.343750 183
186 0.375000 99
186 0.406250 44
186 0.437500 4
186 0.468750 0
186 0.500000 0
186 0.531250 0
186 0.562500 1
186 0.593750 33
186 0.625000 134
186 0.656250 341
186 0.687500 644
186 0.718750 996
186 0.750000 1453
186 0.781250 1829
186 0.812500 2171
186 0.843750 2265
186 0.875000 2449
186 0.906250 2530
186 0.937500 2459
186 0.968750 2316
187 0.000000 2113
187 0.031250 1875
187 0.062500 1729
187 0.093750 1473
187 0.125000 1340
187 0.156250 1005
187 0.187500 886
187 0.218750 715
187 0.250000 577
187 0.281250 445
187 0.312500 273
187 0.343750 199
187 0.375000 83
187 0.406250 40
187 0.437500 8
187 0.468750 0
187 0.500000 0
187 0.531250 0
187 0.562500 1
187 0.593750 44
187 0.625000 140
187 0.656250 350
187 0.687500 607
187 0.718750 958
187 0.750000 1330
187 0.781250 1776
187 0.812500 2065
187 0.843750 2260
187 0.875000 2433
187 0.906250 2374
187 0.937500 2366
187 0.968750 2290
188 0.000000 2007
188 0.031250 1772
188 0.062500 1649
188 0.093750 1445
188 0.125000 1259
188 0.156250 1008
188 0.187500 867
188 0.218750 657
188 0.250000 504
188 0.281250 399
188 0.312500 291
188 0.343750 171
188 0.375000 108
188 0.406250 35
188 0.437500 8
188 0.468750 0
188 0.500000 0
188 0.531250 0
188 0.562500 3
188 0.593750 28
188 0.625000 137
188 0.656250 307
188 0.687500 652
188 0.718750 966
188 0.750000 1338
188 0.781250 1690
188 0.812500 2015
188 0.843750 2271
188 0.875000 2253
188 0.906250 2412
188 0.937500 2306
188 0.968750 2152
189 0.000000 2024
189 0.031250 1790
189 0.062500 1621
189 0.093750 1480
189 0.125000 1195
189 0.156250 985
189 0.187500 908
189 0.218750 662
189 0.250000 490
189 0.281250 407
189 0.312500 278
189 0.343750 162
189 0.375000 103
189 0.406250 36
189 0.437500 6
189 0.468750 0
189 0.500000 0
189 0.531250 0
189 0.562500 1
189 0.593750 36
189 0.625000 140
189 0.656250 319
189 0.687500 630
189 0.718750 942
189 0.750000 1324
189 0.781250 1683
189 0.812500 1973
189 0.843750 2299
189 0.875000 2269
189 0.906250 2304
189 0.937500 2253
189 0.968750 2249
190 0.000000 2028
190 0.031250 1750
190 0.062500 1543
190 0.093750 1410
190 0.125000 1304
190 0.156250 1009
190 0.187500 831
190 0.218750 720
190 0.250000 525
190 0.281250 384
190 0.312500 282
190 0.343750 170
190 0.375000 81
190 0.406250 33
190 0.437500 6
190 0.468750 0
190 0.500000 0
190 0.531250 0
190 0.562500 5
190 0.593750 36
190 0.625000 130
190 0.656250 281
190 0.687500 626
190 0.718750 917
190 0.750000 1341
190 0.781250 1638
190 0.812500 1941
190 0.843750 2133
190 0.875000 2344
190 0.906250 2224
190 0.937500 2150
190 0.968750 2173
191 0.000000 1945
191 0.031250 1721
191 0.062500 1517
191 0.093750 1348
191 0.125000 1198
191 0.156250 1035
191 0.187500 826
191 0.218750 654
191 0.250000 497
191 0.281250 374
191 0.312500 270
191 0.343750 172
191 0.375000 87
191 0.406250 41
191 0.437500 5
191 0.468750 0
191 0.500000 0
191 0.531250 0
191 0.562500 3
191 0.593750 31
191 0.625000 153
191 0.656250 319
191 0.687500 580
191 0.718750 952
191 0.750000 1249
191 0.781250 1616
191 0.812500 1868
191 0.843750 2096
191 0.875000 2206
191 0.906250 2227
191 0.937500 2222
191 0.968750 2150
192 0.000000 1923
192 0.031250 1694
192 0.062500 1509
192 0.093750 1353
192 0.125000 1174
192 0.156250 964
192 0.187500 822
192 0.218750 622
192 0.250000 516
192 0.281250 379
192 0.312500 256
192 0.343750 171
192 0.375000 82
192 0.406250 56
192 0.437500 5
192 0.468750 0
192 0.500000 0
192 0.531250 0
192 0.562500 0
192 0.593750 41
192 0.625000 119
192 0.656250 341
192 0.687500 567
192 0.718750 835
192 0.750000 1253
192 0.781250 1577
192 0.812500 1901
192 0.843750 2105
192 0.875000 2213
192 0.906250 2205
192 0.937500 2135
192 0.968750 2064
193 0.000000 1837
193 0.031250 1666
193 0.062500 1497
193 0.093750 1386
193 0.125000 1137
193 0.156250 959
193 0.187500 802
193 0.218750 679
193 0.250000 466
193 0.281250 333
193 0.312500 237
193 0.343750 160
193 0.375000 102
193 0.406250 39
193 0.437500 6
193 0.468750 0
193 0.500000 0
193 0.531250 0
193 0.562500 1
193 0.593750 31
193 0.625000 129
193 0.656250 334
193 0.687500 626
193 0.718750 889
193 0.750000 1304
193 0.781250 1520
193 0.812500 1885
193 0.843750 1998
193 0.875000 2141
193 0.906250 2233
193 0.937500 2068
193 0.968750 1948
194 0.000000 1866
194 0.031250 1719
194 0.062500 1472
194 0.093750 1278
194 0.125000 1120
194 0.156250 1019
194 0.187500 800
194 0.218750 602
194 0.250000 445
194 0.281250 392
194 0.312500 268
194 0.343750 158
194 0.375000 82
194 0.406250 36
194 0.437500 5
194 0.468750 0
194 0.500000 0
194 0.531250 0
194 0.562500 1
194 0.593750 22
194 0.625000 132
194 0.656250 286
194 0.687500 561
194 0.718750 855
194 0.750000 1212
194 0.781250 1653
194 0.812500 1855
194 0.843750 1981
194 0.875000 2132
194 0.906250 2150
194 0.937500 2052
194 0.968750 1951
195 0.000000 1865
195 0.031250 1638
195 0.062500 1518
195 0.093750 1226
195 0.125000 1099
195 0.156250 878
195 0.187500 781
195 0.218750 599
195 0.250000 450
195 0.281250 339
195 0.312500 232
195 0.343750 162
195 0.375000 93
195 0.406250 47
195 0.437500 4
195 0.468750 0
195 0.500000 0
195 0.531250 0
195 0.562500 3
195 0.593750 28
195 0.625000 114
195 0.656250 305
195 0.687500 552
195 0.718750 853
195 0.750000 1264
195 0.781250 1473
195 0.812500 1825
195 0.843750 2017
195 0.875000 2132
195 0.906250 2030
195 0.937500 2106
195 0.968750 1920
196 0.000000 1750
196 0.031250 1598
196 0.062500 1451
196 0.093750 1248
196 0.125000 1096
196 0.156250 923
196 0.187500 722
196 0.218750 637
196 0.250000 453
196 0.281250 306
196 0.312500 266
196 0.343750 174
196 0.375000 91
196 0.406250 35
196 0.437500 7
196 0.468750 0
196 0.500000 0
196 0.531250 0
196 0.562500 2
196 0.593750 32
196 0.625000 117
196 0.656250 300
196 0.687500 575
196 0.718750 822
196 0.750000 1246
196 0.781250 1525
196 0.812500 1668
196 0.843750 1999
196 0.875000 2093
196 0.906250 2101
196 0.937500 2030
196 0.968750 1873
197 0.000000 1713
197 0.031250 1562
197 0.062500 1501
197 0.093750 1179
197 0.125000 1056
197 0.156250 894
197 0.187500 749
197 0.218750 613
197 0.250000 499
197 0.281250 360
197 0.312500 246
197 0.343750 169
197 0.375000 90
197 0.406250 32
197 0.437500 7
197 0.468750 0
197 0.500000 0
197 0.531250 0
197 0.562500 1
197 0.593750 27
197 0.625000 132
197 0.656250 304
197 0.687500 499
197 0.718750 850
197 0.750000 1155
197 0.781250 1448
197 0.812500 1770
197 0.843750 1880
197 0.875000 2044
197 0.906250 2044
197 0.937500 2087
197 0.968750 1905
198 0.000000 1694
198 0.031250 1605
198 0.062500 1405
198 0.093750 1198
198 0.125000 1062
198 0.156250 849
198 0.187500 741
198 0.218750 594
198 0.250000 453
198 0.281250 355
198 0.312500 228
198 0.343750 132
198 0.375000 85
198 0.406250 34
198 0.437500 2
198 0.468750 0
198 0.500000 0
198 0.531250 0
198 0.562500 2
198 0.593750 14
198 0.625000 125
198 0.656250 275
198 0.687500 538
198 0.718750 878
198 0.750000 1089
198 0.781250 1531
198 0.812500 1707
198 0.843750 1904
198 0.875000 1983
198 0.906250 2021
198 0.937500 2059
198 0.968750 1900
199 0.000000 1685
199 0.031250 1481
199 0.062500 1387
199 0.093750 1233
199 0.125000 950
199 0.156250 931
199 0.187500 711
199 0.218750 564
199 0.250000 485
199 0.281250 329
199 0.312500 244
199 0.343750 140
199 0.375000 84
199 0.406250 36
199 0.437500 8
199 0.468750 0
199 0.500000 0
199 0.531250 0
199 0.562500 4
199 0.593750 36
199 0.625000 126
199 0.656250 251
199 0.687500 507
199 0.718750 847
199 0.750000 1173
199 0.781250 1361
199 0.812500 1723
199 0.843750 1870
199 0.875000 1999
199 0.906250 2039
199 0.937500 1977
199 0.968750 1859
200 0.000000 1665
200 0.031250 1531
200 0.062500 1370
200 0.093750 1220
200 0.125000 986
200 0.156250 885
200 0.187500 673
200 0.218750 586
200 0.250000 455
200 0.281250 316
200 0.312500 241
200 0.343750 146
200 0.375000 80
200 0.406250 33
200 0.437500 5
200 0.468750 0
200 0.500000 0
200 0.531250 0
200 0.562500 2
200 0.593750 35
200 0.625000 113
200 0.656250 251
200 0.687500 553
200 0.718750 887
200 0.750000 1108
200 0.781250 1414
200 0.812500 1606
200 0.843750 1854
200 0.875000 1928
200 0.906250 2009
200 0.937500 1890
200 0.968750 1803
