20 0.000000 61
20 0.031250 61
20 0.062500 48
20 0.093750 46
20 0.125000 41
20 0.156250 36
20 0.187500 32
20 0.218750 23
20 0.250000 18
20 0.281250 13
20 0.312500 13
20 0.343750 3
20 0.375000 5
20 0.406250 2
20 0.437500 0
20 0.468750 0
20 0.500000 0
20 0.531250 0
20 0.562500 0
20 0.593750 0
20 0.625000 1
20 0.656250 3
20 0.687500 7
20 0.718750 29
20 0.750000 32
20 0.781250 41
20 0.812500 44
20 0.843750 56
20 0.875000 70
20 0.906250 71
20 0.937500 65
20 0.968750 64
21 0.000000 101
21 0.031250 97
21 0.062500 74
21 0.093750 84
21 0.125000 72
21 0.156250 67
21 0.187500 44
21 0.218750 43
21 0.250000 31
21 0.281250 23
21 0.312500 11
21 0.343750 12
21 0.375000 8
21 0.406250 1
21 0.437500 0
21 0.468750 0
21 0.500000 0
21 0.531250 0
21 0.562500 0
21 0.593750 3
21 0.625000 5
21 0.656250 11
21 0.687500 17
21 0.718750 34
21 0.750000 50
21 0.781250 67
21 0.812500 89
21 0.843750 110
21 0.875000 122
21 0.906250 91
21 0.937500 112
21 0.968750 116
22 0.000000 166
22 0.031250 169
22 0.062500 143
22 0.093750 142
22 0.125000 138
22 0.156250 85
22 0.187500 90
22 0.218750 62
22 0.250000 48
22 0.281250 36
22 0.312500 19
22 0.343750 17
22 0.375000 6
22 0.406250 2
22 0.437500 2
22 0.468750 0
22 0.500000 0
22 0.531250 0
22 0.562500 0
22 0.593750 3
22 0.625000 6
22 0.656250 19
22 0.687500 35
22 0.718750 51
22 0.750000 81
22 0.781250 106
22 0.812500 141
22 0.843750 154
22 0.875000 145
22 0.906250 168
22 0.937500 181
22 0.968750 185
23 0.000000 274
23 0.031250 255
23 0.062500 211
23 0.093750 199
23 0.125000 192
23 0.156250 171
23 0.187500 141
23 0.218750 101
23 0.250000 58
23 0.281250 52
23 0.312500 44
23 0.343750 25
23 0.375000 12
23 0.406250 7
23 0.437500 2
23 0.468750 0
23 0.500000 0
23 0.531250 0
23 0.562500 1
23 0.593750 3
23 0.625000 10
23 0.656250 22
23 0.687500 56
23 0.718750 75
23 0.750000 135
23 0.781250 163
23 0.812500 217
23 0.843750 245
23 0.875000 242
23 0.906250 273
23 0.937500 283
23 0.968750 252
24 0.000000 366
24 0.031250 319
24 0.062500 261
24 0.093750 261
24 0.125000 231
24 0.156250 200
24 0.187500 144
24 0.218750 132
24 0.250000 94
24 0.281250 75
24 0.312500 52
24 0.343750 34
24 0.375000 14
24 0.406250 8
24 0.437500 2
24 0.468750 0
24 0.500000 0
24 0.531250 0
24 0.562500 0
24 0.593750 3
24 0.625000 16
24 0.656250 36
24 0.687500 79
24 0.718750 122
24 0.750000 158
24 0.781250 215
24 0.812500 275
24 0.843750 288
24 0.875000 352
24 0.906250 386
24 0.937500 373
24 0.968750 354
25 0.000000 413
25 0.031250 444
25 0.062500 415
25 0.093750 340
25 0.125000 333
25 0.156250 263
25 0.187500 221
25 0.218750 189
25 0.250000 135
25 0.281250 97
25 0.312500 79
25 0.343750 48
25 0.375000 19
25 0.406250 10
25 0.437500 2
25 0.468750 0
25 0.500000 0
25 0.531250 0
25 0.562500 0
25 0.593750 2
25 0.625000 30
25 0.656250 58
25 0.687500 113
25 0.718750 163
25 0.750000 231
25 0.781250 312
25 0.812500 342
25 0.843750 418
25 0.875000 466
25 0.906250 485
25 0.937500 455
25 0.968750 482
26 0.000000 618
26 0.031250 566
26 0.062500 533
26 0.093750 452
26 0.125000 379
26 0.156250 399
26 0.187500 294
26 0.218750 215
26 0.250000 166
26 0.281250 127
26 0.312500 84
26 0.343750 41
26 0.375000 32
26 0.406250 11
26 0.437500 1
26 0.468750 0
26 0.500000 0
26 0.531250 0
26 0.562500 1
26 0.593750 2
26 0.625000 29
26 0.656250 66
26 0.687500 114
26 0.718750 201
26 0.750000 302
26 0.781250 392
26 0.812500 489
26 0.843750 530
26 0.875000 578
26 0.906250 601
26 0.937500 635
26 0.968750 579
27 0.000000 789
27 0.031250 645
27 0.062500 623
27 0.093750 582
27 0.125000 483
27 0.156250 433
27 0.187500 294
27 0.218750 273
27 0.250000 220
27 0.281250 170
27 0.312500 96
27 0.343750 57
27 0.375000 32
27 0.406250 11
27 0.437500 0
27 0.468750 0
27 0.500000 0
27 0.531250 0
27 0.562500 0
27 0.593750 4
27 0.625000 39
27 0.656250 80
27 0.687500 168
27 0.718750 251
27 0.750000 379
27 0.781250 471
27 0.812500 579
27 0.843750 668
27 0.875000 757
27 0.906250 757
27 0.937500 800
27 0.968750 755
28 0.000000 828
28 0.031250 775
28 0.062500 731
28 0.093750 672
28 0.125000 616
28 0.156250 504
28 0.187500 394
28 0.218750 334
28 0.250000 267
28 0.281250 201
28 0.312500 110
28 0.343750 65
28 0.375000 33
28 0.406250 12
28 0.437500 5
28 0.468750 0
28 0.500000 0
28 0.531250 0
28 0.562500 2
28 0.593750 7
28 0.625000 56
28 0.656250 88
28 0.687500 194
28 0.718750 279
28 0.750000 407
28 0.781250 514
28 0.812500 653
28 0.843750 736
28 0.875000 841
28 0.906250 833
28 0.937500 980
28 0.968750 860
29 0.000000 955
29 0.031250 958
29 0.062500 878
29 0.093750 812
29 0.125000 665
29 0.156250 595
29 0.187500 510
29 0.218750 388
29 0.250000 285
29 0.281250 195
29 0.312500 135
29 0.343750 84
29 0.375000 40
29 0.406250 20
29 0.437500 1
29 0.468750 0
29 0.500000 0
29 0.531250 0
29 0.562500 1
29 0.593750 18
29 0.625000 36
29 0.656250 90
29 0.687500 222
29 0.718750 323
29 0.750000 493
29 0.781250 607
29 0.812500 740
29 0.843750 876
29 0.875000 953
29 0.906250 1029
29 0.937500 977
29 0.968750 1010
30 0.000000 1093
30 0.031250 1035
30 0.062500 936
30 0.093750 904
30 0.125000 723
30 0.156250 630
30 0.187500 564
30 0.218750 423
30 0.250000 323
30 0.281250 239
30 0.312500 143
30 0.343750 84
30 0.375000 50
30 0.406250 17
30 0.437500 3
30 0.468750 0
30 0.500000 0
30 0.531250 0
30 0.562500 0
30 0.593750 16
30 0.625000 49
30 0.656250 139
30 0.687500 266
30 0.718750 378
30 0.750000 531
30 0.781250 675
30 0.812500 835
30 0.843750 1040
30 0.875000 1125
30 0.906250 1165
30 0.937500 1157
30 0.968750 1136
31 0.000000 1273
31 0.031250 1133
31 0.062500 1087
31 0.093750 1018
31 0.125000 847
31 0.156250 692
31 0.187500 583
31 0.218750 517
31 0.250000 388
31 0.281250 289
31 0.312500 163
31 0.343750 100
31 0.375000 56
31 0.406250 28
31 0.437500 6
31 0.468750 0
31 0.500000 0
31 0.531250 0
31 0.562500 1
31 0.593750 13
31 0.625000 78
31 0.656250 126
31 0.687500 300
31 0.718750 431
31 0.750000 645
31 0.781250 805
31 0.812500 952
31 0.843750 1115
31 0.875000 1224
31 0.906250 1301
31 0.937500 1288
31 0.968750 1273
32 0.000000 1303
32 0.031250 1336
32 0.062500 1158
32 0.093750 989
32 0.125000 977
32 0.156250 809
32 0.187500 640
32 0.218750 528
32 0.250000 389
32 0.281250 288
32 0.312500 195
32 0.343750 108
32 0.375000 58
32 0.406250 26
32 0.437500 2
32 0.468750 0
32 0.500000 0
32 0.531250 0
32 0.562500 0
32 0.593750 21
32 0.625000 64
32 0.656250 171
32 0.687500 300
32 0.718750 470
32 0.750000 716
32 0.781250 901
32 0.812500 1094
32 0.843750 1259
32 0.875000 1352
32 0.906250 1436
32 0.937500 1474
32 0.968750 1358
33 0.000000 1474
33 0.031250 1415
33 0.062500 1289
33 0.093750 1168
33 0.125000 1085
33 0.156250 878
33 0.187500 711
33 0.218750 586
33 0.250000 448
33 0.281250 325
33 0.312500 224
33 0.343750 124
33 0.375000 64
33 0.406250 31
33 0.437500 2
33 0.468750 0
33 0.500000 0
33 0.531250 0
33 0.562500 1
33 0.593750 20
33 0.625000 62
33 0.656250 168
33 0.687500 327
33 0.718750 549
33 0.750000 753
33 0.781250 926
33 0.812500 1212
33 0.843750 1334
33 0.875000 1490
33 0.906250 1589
33 0.937500 1633
33 0.968750 1572
34 0.000000 1683
34 0.031250 1460
34 0.062500 1361
34 0.093750 1255
34 0.125000 1110
34 0.156250 943
34 0.187500 823
34 0.218750 594
34 0.250000 477
34 0.281250 342
34 0.312500 255
34 0.343750 128
34 0.375000 65
34 0.406250 35
34 0.437500 7
34 0.468750 0
34 0.500000 0
34 0.531250 0
34 0.562500 2
34 0.593750 27
34 0.625000 71
34 0.656250 164
34 0.687500 371
34 0.718750 569
34 0.750000 784
34 0.781250 1058
34 0.812500 1263
34 0.843750 1533
34 0.875000 1582
34 0.906250 1662
34 0.937500 1726
34 0.968750 1689
35 0.000000 1725
35 0.031250 1601
35 0.062500 1485
35 0.093750 1350
35 0.125000 1213
35 0.156250 1004
35 0.187500 836
35 0.218750 677
35 0.250000 521
35 0.281250 373
35 0.312500 216
35 0.343750 133
35 0.375000 87
35 0.406250 22
35 0.437500 3
35 0.468750 0
35 0.500000 0
35 0.531250 0
35 0.562500 0
35 0.593750 18
35 0.625000 97
35 0.656250 218
35 0.687500 356
35 0.718750 574
35 0.750000 876
35 0.781250 1106
35 0.812500 1366
35 0.843750 1603
35 0.875000 1720
35 0.906250 1874
35 0.937500 1813
35 0.968750 1779
36 0.000000 1816
36 0.031250 1662
36 0.062500 1598
36 0.093750 1389
36 0.125000 1280
36 0.156250 1066
36 0.187500 865
36 0.218750 735
36 0.250000 561
36 0.281250 408
36 0.312500 251
36 0.343750 166
36 0.375000 72
36 0.406250 23
36 0.437500 4
36 0.468750 0
36 0.500000 0
36 0.531250 0
36 0.562500 3
36 0.593750 27
36 0.625000 90
36 0.656250 194
36 0.687500 391
36 0.718750 648
36 0.750000 905
36 0.781250 1172
36 0.812500 1453
36 0.843750 1652
36 0.875000 1805
36 0.906250 1943
36 0.937500 1946
36 0.968750 1864
37 0.000000 1931
37 0.031250 1844
37 0.062500 1693
37 0.093750 1509
37 0.125000 1271
37 0.156250 1112
37 0.187500 911
37 0.218750 725
37 0.250000 566
37 0.281250 382
37 0.312500 245
37 0.343750 164
37 0.375000 80
37 0.406250 25
37 0.437500 2
37 0.468750 1
37 0.500000 0
37 0.531250 0
37 0.562500 0
37 0.593750 16
37 0.625000 91
37 0.656250 218
37 0.687500 466
37 0.718750 710
37 0.750000 1009
37 0.781250 1227
37 0.812500 1494
37 0.843750 1749
37 0.875000 1950
37 0.906250 2023
37 0.937500 2052
37 0.968750 1971
38 0.000000 1962
38 0.031250 1936
38 0.062500 1764
38 0.093750 1561
38 0.125000 1407
38 0.156250 1212
38 0.187500 954
38 0.218750 752
38 0.250000 551
38 0.281250 410
38 0.312500 260
38 0.343750 179
38 0.375000 89
38 0.406250 41
38 0.437500 12
38 0.468750 0
38 0.500000 0
38 0.531250 0
38 0.562500 2
38 0.593750 20
38 0.625000 98
38 0.656250 227
38 0.687500 427
38 0.718750 704
38 0.750000 1053
38 0.781250 1295
38 0.812500 1646
38 0.843750 1792
38 0.875000 2039
38 0.906250 2051
38 0.937500 2134
38 0.968750 2066
39 0.000000 2089
39 0.031250 1930
39 0.062500 1836
39 0.093750 1625
39 0.125000 1397
39 0.156250 1222
39 0.187500 965
39 0.218750 833
39 0.250000 620
39 0.281250 439
39 0.312500 265
39 0.343750 177
39 0.375000 111
39 0.406250 32
39 0.437500 7
39 0.468750 1
39 0.500000 0
39 0.531250 0
39 0.562500 1
39 0.593750 27
39 0.625000 101
39 0.656250 247
39 0.687500 466
39 0.718750 738
39 0.750000 1002
39 0.781250 1359
39 0.812500 1596
39 0.843750 1917
39 0.875000 2013
39 0.906250 2076
39 0.937500 2235
39 0.968750 2160
40 0.000000 2207
40 0.031250 1985
40 0.062500 1845
40 0.093750 1742
40 0.125000 1513
40 0.156250 1246
40 0.187500 1063
40 0.218750 862
40 0.250000 655
40 0.281250 428
40 0.312500 282
40 0.343750 184
40 0.375000 85
40 0.406250 32
40 0.437500 9
40 0.468750 0
40 0.500000 0
40 0.531250 0
40 0.562500 2
40 0.593750 28
40 0.625000 128
40 0.656250 252
40 0.687500 479
40 0.718750 742
40 0.750000 1094
40 0.781250 1375
40 0.812500 1710
40 0.843750 2029
40 0.875000 2173
40 0.906250 2279
40 0.937500 2260
40 0.968750 2253
41 0.000000 2222
41 0.031250 2171
41 0.062500 1965
41 0.093750 1708
41 0.125000 1525
41 0.156250 1274
41 0.187500 1107
41 0.218750 861
41 0.250000 657
41 0.281250 451
41 0.312500 321
41 0.343750 205
41 0.375000 95
41 0.406250 40
41 0.437500 9
41 0.468750 0
41 0.500000 0
41 0.531250 0
41 0.562500 0
41 0.593750 23
41 0.625000 103
41 0.656250 251
41 0.687500 450
41 0.718750 797
41 0.750000 1169
41 0.781250 1456
41 0.812500 1819
41 0.843750 2074
41 0.875000 2194
41 0.906250 2329
41 0.937500 2373
41 0.968750 2270
42 0.000000 2388
42 0.031250 2170
42 0.062500 2030
42 0.093750 1928
42 0.125000 1548
42 0.156250 1326
42 0.187500 1055
42 0.218750 913
42 0.250000 691
42 0.281250 501
42 0.312500 338
42 0.343750 199
42 0.375000 98
42 0.406250 54
42 0.437500 6
42 0.468750 0
42 0.500000 0
42 0.531250 0
42 0.562500 2
42 0.593750 20
42 0.625000 100
42 0.656250 261
42 0.687500 457
42 0.718750 870
42 0.750000 1203
42 0.781250 1563
42 0.812500 1907
42 0.843750 2125
42 0.875000 2325
42 0.906250 2422
42 0.937500 2508
42 0.968750 2381
43 0.000000 2394
43 0.031250 2295
43 0.062500 2085
43 0.093750 1900
43 0.125000 1627
43 0.156250 1391
43 0.187500 1129
43 0.218750 909
43 0.250000 713
43 0.281250 541
43 0.312500 350
43 0.343750 203
43 0.375000 105
43 0.406250 32
43 0.437500 4
43 0.468750 0
43 0.500000 0
43 0.531250 0
43 0.562500 1
43 0.593750 22
43 0.625000 117
43 0.656250 261
43 0.687500 551
43 0.718750 852
43 0.750000 1233
43 0.781250 1638
43 0.812500 1949
43 0.843750 2223
43 0.875000 2341
43 0.906250 2596
43 0.937500 2525
43 0.968750 2515
44 0.000000 2521
44 0.031250 2362
44 0.062500 2220
44 0.093750 1971
44 0.125000 1679
44 0.156250 1428
44 0.187500 1212
44 0.218750 926
44 0.250000 744
44 0.281250 547
44 0.312500 347
44 0.343750 231
44 0.375000 108
44 0.406250 50
44 0.437500 8
44 0.468750 0
44 0.500000 0
44 0.531250 0
44 0.562500 1
44 0.593750 25
44 0.625000 103
44 0.656250 262
44 0.687500 553
44 0.718750 890
44 0.750000 1250
44 0.781250 1594
44 0.812500 1981
44 0.843750 2398
44 0.875000 2497
44 0.906250 2656
44 0.937500 2552
44 0.968750 2615
45 0.000000 2597
45 0.031250 2411
45 0.062500 2283
45 0.093750 2056
45 0.125000 1782
45 0.156250 1538
45 0.187500 1197
45 0.218750 1036
45 0.250000 796
45 0.281250 521
45 0.312500 363
45 0.343750 221
45 0.375000 107
45 0.406250 37
45 0.437500 11
45 0.468750 1
45 0.500000 0
45 0.531250 0
45 0.562500 0
45 0.593750 19
45 0.625000 111
45 0.656250 284
45 0.687500 588
45 0.718750 881
45 0.750000 1298
45 0.781250 1790
45 0.812500 1980
45 0.843750 2311
45 0.875000 2609
45 0.906250 2784
45 0.937500 2793
45 0.968750 2759
46 0.000000 2646
46 0.031250 2565
46 0.062500 2291
46 0.093750 1982
46 0.125000 1825
46 0.156250 1545
46 0.187500 1252
46 0.218750 1062
46 0.250000 801
46 0.281250 586
46 0.312500 383
46 0.343750 238
46 0.375000 125
46 0.406250 52
46 0.437500 4
46 0.468750 0
46 0.500000 0
46 0.531250 0
46 0.562500 1
46 0.593750 27
46 0.625000 113
46 0.656250 287
46 0.687500 550
46 0.718750 922
46 0.750000 1281
46 0.781250 1739
46 0.812500 2151
46 0.843750 2509
46 0.875000 2662
46 0.906250 2723
46 0.937500 2898
46 0.968750 2811
47 0.000000 2798
47 0.031250 2595
47 0.062500 2328
47 0.093750 2083
47 0.125000 1899
47 0.156250 1605
47 0.187500 1375
47 0.218750 1065
47 0.250000 760
47 0.281250 620
47 0.312500 376
47 0.343750 206
47 0.375000 97
47 0.406250 48
47 0.437500 10
47 0.468750 0
47 0.500000 0
47 0.531250 0
47 0.562500 1
47 0.593750 34
47 0.625000 132
47 0.656250 344
47 0.687500 621
47 0.718750 996
47 0.750000 1428
47 0.781250 1793
47 0.812500 2156
47 0.843750 2592
47 0.875000 2787
47 0.906250 2776
47 0.937500 2910
47 0.968750 2912
48 0.000000 2894
48 0.031250 2658
48 0.062500 2405
48 0.093750 2116
48 0.125000 1869
48 0.156250 1619
48 0.187500 1401
48 0.218750 1126
48 0.250000 820
48 0.281250 579
48 0.312500 372
48 0.343750 233
48 0.375000 128
48 0.406250 47
48 0.437500 2
48 0.468750 1
48 0.500000 0
48 0.531250 0
48 0.562500 4
48 0.593750 37
48 0.625000 143
48 0.656250 321
48 0.687500 646
48 0.718750 992
48 0.750000 1457
48 0.781250 1853
48 0.812500 2229
48 0.843750 2669
48 0.875000 2710
48 0.906250 2874
48 0.937500 3018
48 0.968750 2934
49 0.000000 2894
49 0.031250 2646
49 0.062500 2543
49 0.093750 2210
49 0.125000 1994
49 0.156250 1664
49 0.187500 1341
49 0.218750 1067
49 0.250000 868
49 0.281250 621
49 0.312500 406
49 0.343750 245
49 0.375000 139
49 0.406250 49
49 0.437500 12
49 0.468750 0
49 0.500000 0
49 0.531250 0
49 0.562500 2
49 0.593750 28
49 0.625000 132
49 0.656250 357
49 0.687500 637
49 0.718750 1015
49 0.750000 1451
49 0.781250 1845
49 0.812500 2195
49 0.843750 2594
49 0.875000 3000
49 0.906250 3008
49 0.937500 2986
49 0.968750 3037
50 0.000000 2918
50 0.031250 2608
50 0.062500 2499
50 0.093750 2215
50 0.125000 2002
50 0.156250 1761
50 0.187500 1363
50 0.218750 1075
50 0.250000 831
50 0.281250 646
50 0.312500 437
50 0.343750 242
50 0.375000 111
50 0.406250 52
50 0.437500 9
50 0.468750 0
50 0.500000 0
50 0.531250 0
50 0.562500 3
50 0.593750 30
50 0.625000 106
50 0.656250 333
50 0.687500 648
50 0.718750 1005
50 0.750000 1549
50 0.781250 1922
50 0.812500 2259
50 0.843750 2590
50 0.875000 3013
50 0.906250 3123
50 0.937500 3132
50 0.968750 3096
51 0.000000 2949
51 0.031250 2741
51 0.062500 2569
51 0.093750 2186
51 0.125000 1926
51 0.156250 1678
51 0.187500 1370
51 0.218750 1106
51 0.250000 832
51 0.281250 601
51 0.312500 410
51 0.343750 237
51 0.375000 131
51 0.406250 45
51 0.437500 14
51 0.468750 0
51 0.500000 0
51 0.531250 0
51 0.562500 2
51 0.593750 29
51 0.625000 139
51 0.656250 339
51 0.687500 645
51 0.718750 1002
51 0.750000 1477
51 0.781250 1888
51 0.812500 2374
51 0.843750 2719
51 0.875000 2971
51 0.906250 3068
51 0.937500 3093
51 0.968750 3083
52 0.000000 3013
52 0.031250 2768
52 0.062500 2608
52 0.093750 2210
52 0.125000 2018
52 0.156250 1715
52 0.187500 1376
52 0.218750 1174
52 0.250000 864
52 0.281250 601
52 0.312500 402
52 0.343750 264
52 0.375000 108
52 0.406250 55
52 0.437500 9
52 0.468750 0
52 0.500000 0
52 0.531250 0
52 0.562500 0
52 0.593750 31
52 0.625000 142
52 0.656250 329
52 0.687500 681
52 0.718750 1045
52 0.750000 1540
52 0.781250 1966
52 0.812500 2323
52 0.843750 2657
52 0.875000 2978
52 0.906250 3105
52 0.937500 3135
52 0.968750 3096
53 0.000000 2993
53 0.031250 2787
53 0.062500 2570
53 0.093750 2264
53 0.125000 2047
53 0.156250 1699
53 0.187500 1330
53 0.218750 1119
53 0.250000 851
53 0.281250 632
53 0.312500 400
53 0.343750 247
53 0.375000 123
53 0.406250 47
53 0.437500 8
53 0.468750 0
53 0.500000 0
53 0.531250 0
53 0.562500 1
53 0.593750 41
53 0.625000 135
53 0.656250 337
53 0.687500 677
53 0.718750 1030
53 0.750000 1573
53 0.781250 1993
53 0.812500 2385
53 0.843750 2721
53 0.875000 3080
53 0.906250 3162
53 0.937500 3191
53 0.968750 3024
54 0.000000 2944
54 0.031250 2840
54 0.062500 2605
54 0.093750 2280
54 0.125000 1982
54 0.156250 1715
54 0.187500 1419
54 0.218750 1097
54 0.250000 851
54 0.281250 633
54 0.312500 424
54 0.343750 270
54 0.375000 135
54 0.406250 45
54 0.437500 14
54 0.468750 0
54 0.500000 0
54 0.531250 0
54 0.562500 1
54 0.593750 26
54 0.625000 119
54 0.656250 378
54 0.687500 629
54 0.718750 1103
54 0.750000 1550
54 0.781250 2028
54 0.812500 2421
54 0.843750 2680
54 0.875000 2960
54 0.906250 3040
54 0.937500 3263
54 0.968750 3212
55 0.000000 2968
55 0.031250 2796
55 0.062500 2604
55 0.093750 2332
55 0.125000 2026
55 0.156250 1643
55 0.187500 1436
55 0.218750 1161
55 0.250000 873
55 0.281250 561
55 0.312500 426
55 0.343750 265
55 0.375000 108
55 0.406250 49
55 0.437500 5
55 0.468750 0
55 0.500000 0
55 0.531250 0
55 0.562500 2
55 0.593750 40
55 0.625000 147
55 0.656250 338
55 0.687500 657
55 0.718750 1086
55 0.750000 1524
55 0.781250 1925
55 0.812500 2378
55 0.843750 2829
55 0.875000 3041
55 0.906250 3198
55 0.937500 3126
55 0.968750 3093
56 0.000000 2925
56 0.031250 2818
56 0.062500 2628
56 0.093750 2227
56 0.125000 2034
56 0.156250 1817
56 0.187500 1446
56 0.218750 1179
56 0.250000 919
56 0.281250 594
56 0.312500 449
56 0.343750 246
56 0.375000 130
56 0.406250 61
56 0.437500 7
56 0.468750 0
56 0.500000 0
56 0.531250 0
56 0.562500 0
56 0.593750 38
56 0.625000 147
56 0.656250 354
56 0.687500 672
56 0.718750 1156
56 0.750000 1532
56 0.781250 2007
56 0.812500 2425
56 0.843750 2775
56 0.875000 3068
56 0.906250 3191
56 0.937500 3319
56 0.968750 3162
57 0.000000 3044
57 0.031250 2856
57 0.062500 2639
57 0.093750 2336
57 0.125000 2035
57 0.156250 1787
57 0.187500 1434
57 0.218750 1155
57 0.250000 877
57 0.281250 644
57 0.312500 445
57 0.343750 243
57 0.375000 125
57 0.406250 60
57 0.437500 13
57 0.468750 0
57 0.500000 0
57 0.531250 0
57 0.562500 5
57 0.593750 24
57 0.625000 120
57 0.656250 352
57 0.687500 646
57 0.718750 1135
57 0.750000 1583
57 0.781250 2054
57 0.812500 2479
57 0.843750 2844
57 0.875000 3094
57 0.906250 3214
57 0.937500 3209
57 0.968750 3300
58 0.000000 3144
58 0.031250 3010
58 0.062500 2754
58 0.093750 2443
58 0.125000 2154
58 0.156250 1786
58 0.187500 1478
58 0.218750 1143
58 0.250000 881
58 0.281250 677
58 0.312500 433
58 0.343750 302
58 0.375000 123
58 0.406250 51
58 0.437500 6
58 0.468750 0
58 0.500000 0
58 0.531250 0
58 0.562500 2
58 0.593750 48
58 0.625000 129
58 0.656250 329
58 0.687500 737
58 0.718750 1085
58 0.750000 1567
58 0.781250 2052
58 0.812500 2483
58 0.843750 2827
58 0.875000 3050
58 0.906250 3390
58 0.937500 3281
58 0.968750 3233
59 0.000000 3339
59 0.031250 3069
59 0.062500 2734
59 0.093750 2414
59 0.125000 2170
59 0.156250 1796
59 0.187500 1532
59 0.218750 1226
59 0.250000 946
59 0.281250 656
59 0.312500 437
59 0.343750 277
59 0.375000 152
59 0.406250 55
59 0.437500 6
59 0.468750 0
59 0.500000 0
59 0.531250 0
59 0.562500 3
59 0.593750 40
59 0.625000 113
59 0.656250 396
59 0.687500 705
59 0.718750 1128
59 0.750000 1624
59 0.781250 2065
59 0.812500 2564
59 0.843750 2949
59 0.875000 3150
59 0.906250 3282
59 0.937500 3474
59 0.968750 3372
60 0.000000 3359
60 0.031250 3054
60 0.062500 2827
60 0.093750 2481
60 0.125000 2282
60 0.156250 1954
60 0.187500 1554
60 0.218750 1282
60 0.250000 970
60 0.281250 683
60 0.312500 432
60 0.343750 234
60 0.375000 136
60 0.406250 53
60 0.437500 11
60 0.468750 0
60 0.500000 0
60 0.531250 0
60 0.562500 4
60 0.593750 40
60 0.625000 147
60 0.656250 386
60 0.687500 711
60 0.718750 1262
60 0.750000 1651
60 0.781250 2141
60 0.812500 2682
60 0.843750 3006
60 0.875000 3243
60 0.906250 3489
60 0.937500 3627
60 0.968750 3395
61 0.000000 3308
61 0.031250 3035
61 0.062500 2866
61 0.093750 2525
61 0.125000 2165
61 0.156250 1902
61 0.187500 1596
61 0.218750 1274
61 0.250000 1011
61 0.281250 651
61 0.312500 442
61 0.343750 283
61 0.375000 146
61 0.406250 43
61 0.437500 14
61 0.468750 1
61 0.500000 0
61 0.531250 0
61 0.562500 0
61 0.593750 31
61 0.625000 167
61 0.656250 405
61 0.687500 749
61 0.718750 1216
61 0.750000 1713
61 0.781250 2237
61 0.812500 2782
61 0.843750 3175
61 0.875000 3277
61 0.906250 3483
61 0.937500 3457
61 0.968750 3391
62 0.000000 3362
62 0.031250 3212
62 0.062500 2831
62 0.093750 2601
62 0.125000 2324
62 0.156250 1908
62 0.187500 1589
62 0.218750 1270
62 0.250000 959
62 0.281250 718
62 0.312500 456
62 0.343750 272
62 0.375000 148
62 0.406250 65
62 0.437500 5
62 0.468750 0
62 0.500000 0
62 0.531250 0
62 0.562500 0
62 0.593750 41
62 0.625000 171
62 0.656250 364
62 0.687500 759
62 0.718750 1289
62 0.750000 1742
62 0.781250 2323
62 0.812500 2748
62 0.843750 3059
62 0.875000 3458
62 0.906250 3493
62 0.937500 3714
62 0.968750 3678
63 0.000000 3437
63 0.031250 3283
63 0.062500 2994
63 0.093750 2671
63 0.125000 2209
63 0.156250 1975
63 0.187500 1723
63 0.218750 1337
63 0.250000 988
63 0.281250 727
63 0.312500 469
63 0.343750 280
63 0.375000 150
63 0.406250 68
63 0.437500 17
63 0.468750 0
63 0.500000 0
63 0.531250 0
63 0.562500 3
63 0.593750 34
63 0.625000 142
63 0.656250 387
63 0.687500 752
63 0.718750 1280
63 0.750000 1759
63 0.781250 2310
63 0.812500 2727
63 0.843750 3200
63 0.875000 3517
63 0.906250 3622
63 0.937500 3710
63 0.968750 3646
64 0.000000 3493
64 0.031250 3259
64 0.062500 3014
64 0.093750 2779
64 0.125000 2326
64 0.156250 2045
64 0.187500 1690
64 0.218750 1354
64 0.250000 1020
64 0.281250 758
64 0.312500 460
64 0.343750 284
64 0.375000 143
64 0.406250 51
64 0.437500 8
64 0.468750 0
64 0.500000 0
64 0.531250 0
64 0.562500 5
64 0.593750 33
64 0.625000 189
64 0.656250 423
64 0.687500 811
64 0.718750 1214
64 0.750000 1801
64 0.781250 2367
64 0.812500 2879
64 0.843750 3374
64 0.875000 3595
64 0.906250 3741
64 0.937500 3841
64 0.968750 3683
65 0.000000 3566
65 0.031250 3331
65 0.062500 2935
65 0.093750 2795
65 0.125000 2513
65 0.156250 2010
65 0.187500 1691
65 0.218750 1318
65 0.250000 1099
65 0.281250 713
65 0.312500 461
65 0.343750 297
65 0.375000 159
65 0.406250 64
65 0.437500 8
65 0.468750 0
65 0.500000 0
65 0.531250 0
65 0.562500 2
65 0.593750 49
65 0.625000 168
65 0.656250 431
65 0.687500 777
65 0.718750 1270
65 0.750000 1878
65 0.781250 2326
65 0.812500 2926
65 0.843750 3300
65 0.875000 3494
65 0.906250 3872
65 0.937500 3777
65 0.968750 3837
66 0.000000 3794
66 0.031250 3404
66 0.062500 3023
66 0.093750 2774
66 0.125000 2479
66 0.156250 2059
66 0.187500 1716
66 0.218750 1339
66 0.250000 1056
66 0.281250 741
66 0.312500 528
66 0.343750 289
66 0.375000 145
66 0.406250 63
66 0.437500 6
66 0.468750 0
66 0.500000 0
66 0.531250 0
66 0.562500 4
66 0.593750 40
66 0.625000 153
66 0.656250 429
66 0.687500 841
66 0.718750 1297
66 0.750000 1896
66 0.781250 2516
66 0.812500 2940
66 0.843750 3461
66 0.875000 3759
66 0.906250 3784
66 0.937500 3925
66 0.968750 3776
67 0.000000 3699
67 0.031250 3443
67 0.062500 3208
67 0.093750 2820
67 0.125000 2524
67 0.156250 2067
67 0.187500 1760
67 0.218750 1390
67 0.250000 1036
67 0.281250 752
67 0.312500 513
67 0.343750 303
67 0.375000 160
67 0.406250 59
67 0.437500 8
67 0.468750 0
67 0.500000 0
67 0.531250 0
67 0.562500 2
67 0.593750 40
67 0.625000 213
67 0.656250 443
67 0.687500 812
67 0.718750 1340
67 0.750000 1878
67 0.781250 2494
67 0.812500 3066
67 0.843750 3382
67 0.875000 3778
67 0.906250 3966
67 0.937500 3956
67 0.968750 3849
68 0.000000 3843
68 0.031250 3512
68 0.062500 3183
68 0.093750 2762
68 0.125000 2511
68 0.156250 2171
68 0.187500 1648
68 0.218750 1392
68 0.250000 1045
68 0.281250 738
68 0.312500 559
68 0.343750 264
68 0.375000 152
68 0.406250 68
68 0.437500 9
68 0.468750 0
68 0.500000 0
68 0.531250 0
68 0.562500 0
68 0.593750 37
68 0.625000 187
68 0.656250 442
68 0.687500 853
68 0.718750 1356
68 0.750000 2003
68 0.781250 2482
68 0.812500 3079
68 0.843750 3443
68 0.875000 3803
68 0.906250 3807
68 0.937500 3987
68 0.968750 4000
69 0.000000 3816
69 0.031250 3545
69 0.062500 3261
69 0.093750 2879
69 0.125000 2527
69 0.156250 2192
69 0.187500 1760
69 0.218750 1394
69 0.250000 1117
69 0.281250 781
69 0.312500 535
69 0.343750 324
69 0.375000 155
69 0.406250 68
69 0.437500 15
69 0.468750 1
69 0.500000 0
69 0.531250 0
69 0.562500 3
69 0.593750 34
69 0.625000 195
69 0.656250 439
69 0.687500 850
69 0.718750 1371
69 0.750000 1969
69 0.781250 2585
69 0.812500 2958
69 0.843750 3454
69 0.875000 3825
69 0.906250 3926
69 0.937500 4099
69 0.968750 3965
70 0.000000 3787
70 0.031250 3565
70 0.062500 3290
70 0.093750 2949
70 0.125000 2528
70 0.156250 2167
70 0.187500 1863
70 0.218750 1415
70 0.250000 1111
70 0.281250 794
70 0.312500 533
70 0.343750 334
70 0.375000 151
70 0.406250 67
70 0.437500 5
70 0.468750 0
70 0.500000 0
70 0.531250 0
70 0.562500 6
70 0.593750 40
70 0.625000 181
70 0.656250 439
70 0.687500 870
70 0.718750 1328
70 0.750000 2024
70 0.781250 2503
70 0.812500 3098
70 0.843750 3497
70 0.875000 3840
70 0.906250 4022
70 0.937500 4135
70 0.968750 4006
71 0.000000 3891
71 0.031250 3619
71 0.062500 3297
71 0.093750 2971
71 0.125000 2498
71 0.156250 2272
71 0.187500 1789
71 0.218750 1406
71 0.250000 1093
71 0.281250 838
71 0.312500 522
71 0.343750 286
71 0.375000 163
71 0.406250 64
71 0.437500 14
71 0.468750 0
71 0.500000 0
71 0.531250 0
71 0.562500 7
71 0.593750 45
71 0.625000 183
71 0.656250 449
71 0.687500 873
71 0.718750 1429
71 0.750000 2025
71 0.781250 2631
71 0.812500 3264
71 0.843750 3450
71 0.875000 4033
71 0.906250 4225
71 0.937500 4075
71 0.968750 4123
72 0.000000 3928
72 0.031250 3641
72 0.062500 3378
72 0.093750 2943
72 0.125000 2533
72 0.156250 2253
72 0.187500 1839
72 0.218750 1403
72 0.250000 1127
72 0.281250 773
72 0.312500 520
72 0.343750 311
72 0.375000 149
72 0.406250 64
72 0.437500 6
72 0.468750 0
72 0.500000 0
72 0.531250 0
72 0.562500 4
72 0.593750 49
72 0.625000 191
72 0.656250 450
72 0.687500 879
72 0.718750 1473
72 0.750000 2142
72 0.781250 2718
72 0.812500 3205
72 0.843750 3622
72 0.875000 4005
72 0.906250 4010
72 0.937500 4288
72 0.968750 4115
73 0.000000 3979
73 0.031250 3594
73 0.062500 3272
73 0.093750 2916
73 0.125000 2689
73 0.156250 2179
73 0.187500 1839
73 0.218750 1392
73 0.250000 1151
73 0.281250 832
73 0.312500 523
73 0.343750 320
73 0.375000 164
73 0.406250 70
73 0.437500 14
73 0.468750 0
73 0.500000 0
73 0.531250 0
73 0.562500 2
73 0.593750 45
73 0.625000 197
73 0.656250 440
73 0.687500 877
73 0.718750 1395
73 0.750000 2143
73 0.781250 2786
73 0.812500 3164
73 0.843750 3757
73 0.875000 4016
73 0.906250 4191
73 0.937500 4144
73 0.968750 4126
74 0.000000 4011
74 0.031250 3662
74 0.062500 3433
74 0.093750 3019
74 0.125000 2631
74 0.156250 2210
74 0.187500 1901
74 0.218750 1485
74 0.250000 1108
74 0.281250 814
74 0.312500 549
74 0.343750 327
74 0.375000 152
74 0.406250 68
74 0.437500 11
74 0.468750 2
74 0.500000 0
74 0.531250 0
74 0.562500 7
74 0.593750 42
74 0.625000 173
74 0.656250 472
74 0.687500 914
74 0.718750 1503
74 0.750000 2000
74 0.781250 2701
74 0.812500 3319
74 0.843750 3726
74 0.875000 4001
74 0.906250 4144
74 0.937500 4385
74 0.968750 4115
75 0.000000 3968
75 0.031250 3764
75 0.062500 3341
75 0.093750 3146
75 0.125000 2720
75 0.156250 2240
75 0.187500 1893
75 0.218750 1516
75 0.250000 1143
75 0.281250 834
75 0.312500 482
75 0.343750 322
75 0.375000 186
75 0.406250 67
75 0.437500 18
75 0.468750 0
75 0.500000 0
75 0.531250 0
75 0.562500 4
75 0.593750 57
75 0.625000 179
75 0.656250 478
75 0.687500 902
75 0.718750 1483
75 0.750000 2053
75 0.781250 2730
75 0.812500 3389
75 0.843750 3811
75 0.875000 4061
75 0.906250 4137
75 0.937500 4275
75 0.968750 4332
76 0.000000 4114
76 0.031250 3769
76 0.062500 3368
76 0.093750 2996
76 0.125000 2776
76 0.156250 2311
76 0.187500 1823
76 0.218750 1486
76 0.250000 1172
76 0.281250 817
76 0.312500 544
76 0.343750 330
76 0.375000 169
76 0.406250 71
76 0.437500 15
76 0.468750 0
76 0.500000 0
76 0.531250 0
76 0.562500 2
76 0.593750 36
76 0.625000 164
76 0.656250 489
76 0.687500 881
76 0.718750 1475
76 0.750000 2173
76 0.781250 2689
76 0.812500 3302
76 0.843750 3828
76 0.875000 4102
76 0.906250 4185
76 0.937500 4379
76 0.968750 4307
77 0.000000 4091
77 0.031250 3794
77 0.062500 3413
77 0.093750 3059
77 0.125000 2663
77 0.156250 2269
77 0.187500 1902
77 0.218750 1534
77 0.250000 1179
77 0.281250 836
77 0.312500 518
77 0.343750 312
77 0.375000 194
77 0.406250 75
77 0.437500 16
77 0.468750 2
77 0.500000 0
77 0.531250 0
77 0.562500 6
77 0.593750 42
77 0.625000 208
77 0.656250 475
77 0.687500 918
77 0.718750 1501
77 0.750000 2174
77 0.781250 2845
77 0.812500 3389
77 0.843750 3855
77 0.875000 4135
77 0.906250 4346
77 0.937500 4451
77 0.968750 4246
78 0.000000 4025
78 0.031250 3777
78 0.062500 3494
78 0.093750 3047
78 0.125000 2653
78 0.156250 2273
78 0.187500 1868
78 0.218750 1482
78 0.250000 1188
78 0.281250 840
78 0.312500 570
78 0.343750 302
78 0.375000 175
78 0.406250 62
78 0.437500 9
78 0.468750 2
78 0.500000 0
78 0.531250 0
78 0.562500 5
78 0.593750 52
78 0.625000 186
78 0.656250 473
78 0.687500 939
78 0.718750 1539
78 0.750000 2211
78 0.781250 2809
78 0.812500 3414
78 0.843750 3896
78 0.875000 4174
78 0.906250 4326
78 0.937500 4262
78 0.968750 4372
79 0.000000 4048
79 0.031250 3757
79 0.062500 3540
79 0.093750 3150
79 0.125000 2716
79 0.156250 2315
79 0.187500 1858
79 0.218750 1482
79 0.250000 1175
79 0.281250 808
79 0.312500 532
79 0.343750 323
79 0.375000 178
79 0.406250 68
79 0.437500 13
79 0.468750 1
79 0.500000 0
79 0.531250 0
79 0.562500 2
79 0.593750 41
79 0.625000 182
79 0.656250 492
79 0.687500 981
79 0.718750 1547
79 0.750000 2145
79 0.781250 2785
79 0.812500 3367
79 0.843750 3916
79 0.875000 4253
79 0.906250 4395
79 0.937500 4499
79 0.968750 4319
80 0.000000 4122
80 0.031250 3820
80 0.062500 3394
80 0.093750 3071
80 0.125000 2741
80 0.156250 2304
80 0.187500 1926
80 0.218750 1500
80 0.250000 1151
80 0.281250 806
80 0.312500 515
80 0.343750 345
80 0.375000 177
80 0.406250 74
80 0.437500 8
80 0.468750 1
80 0.500000 0
80 0.531250 0
80 0.562500 8
80 0.593750 57
80 0.625000 193
80 0.656250 481
80 0.687500 980
80 0.718750 1459
80 0.750000 2156
80 0.781250 2848
80 0.812500 3363
80 0.843750 3858
80 0.875000 4157
80 0.906250 4448
80 0.937500 4482
80 0.968750 4374
81 0.000000 4126
81 0.031250 3907
81 0.062500 3497
81 0.093750 3060
81 0.125000 2720
81 0.156250 2322
81 0.187500 1926
81 0.218750 1523
81 0.250000 1157
81 0.281250 819
81 0.312500 582
81 0.343750 313
81 0.375000 191
81 0.406250 68
81 0.437500 8
81 0.468750 1
81 0.500000 0
81 0.531250 0
81 0.562500 3
81 0.593750 44
81 0.625000 220
81 0.656250 484
81 0.687500 883
81 0.718750 1539
81 0.750000 2228
81 0.781250 2821
81 0.812500 3475
81 0.843750 4088
81 0.875000 4294
81 0.906250 4382
81 0.937500 4437
81 0.968750 4242
82 0.000000 4254
82 0.031250 3872
82 0.062500 3490
82 0.093750 3038
82 0.125000 2819
82 0.156250 2285
82 0.187500 1827
82 0.218750 1527
82 0.250000 1172
82 0.281250 875
82 0.312500 563
82 0.343750 319
82 0.375000 186
82 0.406250 89
82 0.437500 9
82 0.468750 0
82 0.500000 0
82 0.531250 0
82 0.562500 3
82 0.593750 50
82 0.625000 217
82 0.656250 493
82 0.687500 922
82 0.718750 1504
82 0.750000 2188
82 0.781250 2913
82 0.812500 3428
82 0.843750 3885
82 0.875000 4187
82 0.906250 4461
82 0.937500 4339
82 0.968750 4302
83 0.000000 4150
83 0.031250 3871
83 0.062500 3470
83 0.093750 3173
83 0.125000 2772
83 0.156250 2414
83 0.187500 1902
83 0.218750 1467
83 0.250000 1142
83 0.281250 853
83 0.312500 587
83 0.343750 334
83 0.375000 175
83 0.406250 73
83 0.437500 9
83 0.468750 0
83 0.500000 0
83 0.531250 0
83 0.562500 1
83 0.593750 42
83 0.625000 222
83 0.656250 492
83 0.687500 929
83 0.718750 1550
83 0.750000 2198
83 0.781250 2856
83 0.812500 3415
83 0.843750 3977
83 0.875000 4275
83 0.906250 4525
83 0.937500 4367
83 0.968750 4223
84 0.000000 4129
84 0.031250 3846
84 0.062500 3422
84 0.093750 3178
84 0.125000 2805
84 0.156250 2321
84 0.187500 1884
84 0.218750 1525
84 0.250000 1132
84 0.281250 844
84 0.312500 544
84 0.343750 335
84 0.375000 177
84 0.406250 66
84 0.437500 15
84 0.468750 2
84 0.500000 0
84 0.531250 0
84 0.562500 4
84 0.593750 55
84 0.625000 204
84 0.656250 432
84 0.687500 982
84 0.718750 1569
84 0.750000 2263
84 0.781250 2882
84 0.812500 3432
84 0.843750 3903
84 0.875000 4333
84 0.906250 4332
84 0.937500 4429
84 0.968750 4364
85 0.000000 4178
85 0.031250 3813
85 0.062500 3568
85 0.093750 3138
85 0.125000 2792
85 0.156250 2383
85 0.187500 1910
85 0.218750 1550
85 0.250000 1137
85 0.281250 812
85 0.312500 557
85 0.343750 354
85 0.375000 165
85 0.406250 66
85 0.437500 11
85 0.468750 1
85 0.500000 0
85 0.531250 0
85 0.562500 2
85 0.593750 56
85 0.625000 203
85 0.656250 507
85 0.687500 993
85 0.718750 1631
85 0.750000 2250
85 0.781250 2928
85 0.812500 3429
85 0.843750 4013
85 0.875000 4373
85 0.906250 4356
85 0.937500 4519
85 0.968750 4397
86 0.000000 4238
86 0.031250 3950
86 0.062500 3532
86 0.093750 3238
86 0.125000 2728
86 0.156250 2237
86 0.187500 1892
86 0.218750 1561
86 0.250000 1173
86 0.281250 843
86 0.312500 580
86 0.343750 342
86 0.375000 181
86 0.406250 73
86 0.437500 13
86 0.468750 0
86 0.500000 0
86 0.531250 0
86 0.562500 1
86 0.593750 46
86 0.625000 199
86 0.656250 532
86 0.687500 1008
86 0.718750 1432
86 0.750000 2273
86 0.781250 2940
86 0.812500 3591
86 0.843750 3885
86 0.875000 4354
86 0.906250 4518
86 0.937500 4464
86 0.968750 4415
87 0.000000 4188
87 0.031250 3882
87 0.062500 3503
87 0.093750 3175
87 0.125000 2792
87 0.156250 2308
87 0.187500 1873
87 0.218750 1552
87 0.250000 1100
87 0.281250 882
87 0.312500 580
87 0.343750 337
87 0.375000 201
87 0.406250 76
87 0.437500 12
87 0.468750 0
87 0.500000 0
87 0.531250 0
87 0.562500 2
87 0.593750 53
87 0.625000 202
87 0.656250 468
87 0.687500 946
87 0.718750 1624
87 0.750000 2274
87 0.781250 2866
87 0.812500 3592
87 0.843750 4081
87 0.875000 4309
87 0.906250 4451
87 0.937500 4489
87 0.968750 4440
88 0.000000 4147
88 0.031250 3850
88 0.062500 3591
88 0.093750 3159
88 0.125000 2749
88 0.156250 2365
88 0.187500 1950
88 0.218750 1564
88 0.250000 1178
88 0.281250 793
88 0.312500 549
88 0.343750 333
88 0.375000 183
88 0.406250 56
88 0.437500 13
88 0.468750 0
88 0.500000 0
88 0.531250 0
88 0.562500 5
88 0.593750 43
88 0.625000 196
88 0.656250 523
88 0.687500 949
88 0.718750 1554
88 0.750000 2272
88 0.781250 2851
88 0.812500 3490
88 0.843750 4043
88 0.875000 4338
88 0.906250 4591
88 0.937500 4584
88 0.968750 4243
89 0.000000 4299
89 0.031250 3842
89 0.062500 3679
89 0.093750 3193
89 0.125000 2918
89 0.156250 2310
89 0.187500 1925
89 0.218750 1539
89 0.250000 1143
89 0.281250 842
89 0.312500 555
89 0.343750 352
89 0.375000 169
89 0.406250 77
89 0.437500 14
89 0.468750 2
89 0.500000 0
89 0.531250 0
89 0.562500 4
89 0.593750 43
89 0.625000 201
89 0.656250 478
89 0.687500 1027
89 0.718750 1534
89 0.750000 2302
89 0.781250 2950
89 0.812500 3475
89 0.843750 4065
89 0.875000 4299
89 0.906250 4446
89 0.937500 4597
89 0.968750 4363
90 0.000000 4038
90 0.031250 3957
90 0.062500 3592
90 0.093750 3116
90 0.125000 2768
90 0.156250 2310
90 0.187500 1923
90 0.218750 1540
90 0.250000 1160
90 0.281250 813
90 0.312500 550
90 0.343750 362
90 0.375000 180
90 0.406250 74
90 0.437500 11
90 0.468750 3
90 0.500000 0
90 0.531250 0
90 0.562500 4
90 0.593750 42
90 0.625000 206
90 0.656250 496
90 0.687500 964
90 0.718750 1623
90 0.750000 2295
90 0.781250 2904
90 0.812500 3544
90 0.843750 4024
90 0.875000 4420
90 0.906250 4600
90 0.937500 4568
90 0.968750 4413
91 0.000000 4218
91 0.031250 3862
91 0.062500 3501
91 0.093750 3009
91 0.125000 2764
91 0.156250 2287
91 0.187500 1911
91 0.218750 1563
91 0.250000 1165
91 0.281250 819
91 0.312500 520
91 0.343750 338
91 0.375000 156
91 0.406250 67
91 0.437500 10
91 0.468750 0
91 0.500000 0
91 0.531250 0
91 0.562500 4
91 0.593750 50
91 0.625000 178
91 0.656250 539
91 0.687500 917
91 0.718750 1584
91 0.750000 2258
91 0.781250 2932
91 0.812500 3481
91 0.843750 4022
91 0.875000 4406
91 0.906250 4510
91 0.937500 4657
91 0.968750 4426
92 0.000000 4235
92 0.031250 3941
92 0.062500 3494
92 0.093750 3138
92 0.125000 2773
92 0.156250 2352
92 0.187500 1960
92 0.218750 1483
92 0.250000 1207
92 0.281250 849
92 0.312500 508
92 0.343750 318
92 0.375000 164
92 0.406250 69
92 0.437500 14
92 0.468750 0
92 0.500000 0
92 0.531250 0
92 0.562500 4
92 0.593750 44
92 0.625000 208
92 0.656250 496
92 0.687500 964
92 0.718750 1588
92 0.750000 2246
92 0.781250 2864
92 0.812500 3547
92 0.843750 4059
92 0.875000 4396
92 0.906250 4608
92 0.937500 4553
92 0.968750 4388
93 0.000000 4141
93 0.031250 3926
93 0.062500 3524
93 0.093750 3116
93 0.125000 2771
93 0.156250 2334
93 0.187500 1872
93 0.218750 1516
93 0.250000 1113
93 0.281250 823
93 0.312500 549
93 0.343750 330
93 0.375000 184
93 0.406250 66
93 0.437500 13
93 0.468750 0
93 0.500000 0
93 0.531250 0
93 0.562500 3
93 0.593750 39
93 0.625000 203
93 0.656250 474
93 0.687500 1022
93 0.718750 1656
93 0.750000 2342
93 0.781250 2980
93 0.812500 3593
93 0.843750 4074
93 0.875000 4526
93 0.906250 4437
93 0.937500 4524
93 0.968750 4395
94 0.000000 4129
94 0.031250 3863
94 0.062500 3564
94 0.093750 3156
94 0.125000 2775
94 0.156250 2357
94 0.187500 1857
94 0.218750 1535
94 0.250000 1182
94 0.281250 838
94 0.312500 556
94 0.343750 293
94 0.375000 174
94 0.406250 59
94 0.437500 11
94 0.468750 1
94 0.500000 0
94 0.531250 0
94 0.562500 5
94 0.593750 46
94 0.625000 207
94 0.656250 488
94 0.687500 1012
94 0.718750 1574
94 0.750000 2257
94 0.781250 2974
94 0.812500 3627
94 0.843750 4040
94 0.875000 4487
94 0.906250 4543
94 0.937500 4420
94 0.968750 4305
95 0.000000 4158
95 0.031250 3821
95 0.062500 3517
95 0.093750 3133
95 0.125000 2738
95 0.156250 2318
95 0.187500 1861
95 0.218750 1569
95 0.250000 1144
95 0.281250 831
95 0.312500 582
95 0.343750 311
95 0.375000 170
95 0.406250 67
95 0.437500 17
95 0.468750 1
95 0.500000 0
95 0.531250 0
95 0.562500 4
95 0.593750 38
95 0.625000 198
95 0.656250 509
95 0.687500 978
95 0.718750 1561
95 0.750000 2248
95 0.781250 2890
95 0.812500 3644
95 0.843750 4064
95 0.875000 4336
95 0.906250 4499
95 0.937500 4571
95 0.968750 4364
96 0.000000 4222
96 0.031250 3805
96 0.062500 3579
96 0.093750 3163
96 0.125000 2658
96 0.156250 2261
96 0.187500 1886
96 0.218750 1559
96 0.250000 1095
96 0.281250 780
96 0.312500 542
96 0.343750 326
96 0.375000 183
96 0.406250 66
96 0.437500 14
96 0.468750 0
96 0.500000 0
96 0.531250 0
96 0.562500 4
96 0.593750 51
96 0.625000 213
96 0.656250 506
96 0.687500 1025
96 0.718750 1537
96 0.750000 2288
96 0.781250 2951
96 0.812500 3580
96 0.843750 3975
96 0.875000 4318
96 0.906250 4638
96 0.937500 4538
96 0.968750 4382
97 0.000000 4280
97 0.031250 3742
97 0.062500 3471
97 0.093750 3126
97 0.125000 2745
97 0.156250 2273
97 0.187500 1921
97 0.218750 1460
97 0.250000 1222
97 0.281250 814
97 0.312500 515
97 0.343750 352
97 0.375000 160
97 0.406250 72
97 0.437500 9
97 0.468750 0
97 0.500000 0
97 0.531250 0
97 0.562500 3
97 0.593750 39
97 0.625000 223
97 0.656250 494
97 0.687500 948
97 0.718750 1594
97 0.750000 2373
97 0.781250 2981
97 0.812500 3601
97 0.843750 4035
97 0.875000 4288
97 0.906250 4505
97 0.937500 4572
97 0.968750 4396
98 0.000000 4151
98 0.031250 3868
98 0.062500 3615
98 0.093750 3076
98 0.125000 2677
98 0.156250 2295
98 0.187500 1920
98 0.218750 1486
98 0.250000 1185
98 0.281250 851
98 0.312500 593
98 0.343750 300
98 0.375000 195
98 0.406250 62
98 0.437500 17
98 0.468750 0
98 0.500000 0
98 0.531250 0
98 0.562500 3
98 0.593750 52
98 0.625000 205
98 0.656250 493
98 0.687500 1009
98 0.718750 1622
98 0.750000 2319
98 0.781250 2982
98 0.812500 3557
98 0.843750 3915
98 0.875000 4203
98 0.906250 4510
98 0.937500 4553
98 0.968750 4405
99 0.000000 4135
99 0.031250 3826
99 0.062500 3359
99 0.093750 3130
99 0.125000 2656
99 0.156250 2285
99 0.187500 1886
99 0.218750 1561
99 0.250000 1150
99 0.281250 828
99 0.312500 572
99 0.343750 348
99 0.375000 168
99 0.406250 77
99 0.437500 12
99 0.468750 0
99 0.500000 0
99 0.531250 0
99 0.562500 3
99 0.593750 50
99 0.625000 198
99 0.656250 538
99 0.687500 968
99 0.718750 1582
99 0.750000 2287
99 0.781250 2987
99 0.812500 3449
99 0.843750 4111
99 0.875000 4329
99 0.906250 4532
99 0.937500 4548
99 0.968750 4308
100 0.000000 4214
100 0.031250 3856
100 0.062500 3523
100 0.093750 3148
100 0.125000 2752
100 0.156250 2263
100 0.187500 1806
100 0.218750 1501
100 0.250000 1112
100 0.281250 850
100 0.312500 589
100 0.343750 351
100 0.375000 189
100 0.406250 69
100 0.437500 11
100 0.468750 1
100 0.500000 0
100 0.531250 0
100 0.562500 0
100 0.593750 49
100 0.625000 204
100 0.656250 535
100 0.687500 1016
100 0.718750 1596
100 0.750000 2223
100 0.781250 2866
100 0.812500 3543
100 0.843750 4022
100 0.875000 4356
100 0.906250 4554
100 0.937500 4568
100 0.968750 4481
101 0.000000 4147
101 0.031250 3937
101 0.062500 3492
101 0.093750 3135
101 0.125000 2638
101 0.156250 2321
101 0.187500 1859
101 0.218750 1483
101 0.250000 1171
101 0.281250 870
101 0.312500 543
101 0.343750 359
101 0.375000 167
101 0.406250 58
101 0.437500 9
101 0.468750 1
101 0.500000 0
101 0.531250 0
101 0.562500 5
101 0.593750 53
101 0.625000 203
101 0.656250 506
101 0.687500 971
101 0.718750 1650
101 0.750000 2292
101 0.781250 2982
101 0.812500 3538
101 0.843750 4030
101 0.875000 4367
101 0.906250 4494
101 0.937500 4412
101 0.968750 4390
102 0.000000 4150
102 0.031250 3911
102 0.062500 3438
102 0.093750 3048
102 0.125000 2633
102 0.156250 2272
102 0.187500 1927
102 0.218750 1498
102 0.250000 1136
102 0.281250 847
102 0.312500 538
102 0.343750 349
102 0.375000 198
102 0.406250 75
102 0.437500 16
102 0.468750 0
102 0.500000 0
102 0.531250 0
102 0.562500 3
102 0.593750 46
102 0.625000 204
102 0.656250 482
102 0.687500 1007
102 0.718750 1549
102 0.750000 2282
102 0.781250 2914
102 0.812500 3571
102 0.843750 4024
102 0.875000 4327
102 0.906250 4531
102 0.937500 4552
102 0.968750 4456
103 0.000000 4081
103 0.031250 3876
103 0.062500 3506
103 0.093750 3029
103 0.125000 2640
103 0.156250 2256
103 0.187500 1869
103 0.218750 1494
103 0.250000 1139
103 0.281250 799
103 0.312500 495
103 0.343750 345
103 0.375000 194
103 0.406250 63
103 0.437500 18
103 0.468750 0
103 0.500000 0
103 0.531250 0
103 0.562500 3
103 0.593750 55
103 0.625000 240
103 0.656250 495
103 0.687500 997
103 0.718750 1603
103 0.750000 2316
103 0.781250 2947
103 0.812500 3549
103 0.843750 3948
103 0.875000 4238
103 0.906250 4542
103 0.937500 4594
103 0.968750 4346
104 0.000000 4192
104 0.031250 3806
104 0.062500 3440
104 0.093750 2967
104 0.125000 2634
104 0.156250 2261
104 0.187500 1827
104 0.218750 1456
104 0.250000 1129
104 0.281250 788
104 0.312500 540
104 0.343750 286
104 0.375000 165
104 0.406250 56
104 0.437500 7
104 0.468750 0
104 0.500000 0
104 0.531250 0
104 0.562500 4
104 0.593750 55
104 0.625000 197
104 0.656250 467
104 0.687500 1005
104 0.718750 1621
104 0.750000 2311
104 0.781250 2983
104 0.812500 3639
104 0.843750 4045
104 0.875000 4386
104 0.906250 4566
104 0.937500 4508
104 0.968750 4390
105 0.000000 4120
105 0.031250 3766
105 0.062500 3465
105 0.093750 3019
105 0.125000 2563
105 0.156250 2269
105 0.187500 1850
105 0.218750 1496
105 0.250000 1114
105 0.281250 822
105 0.312500 558
105 0.343750 294
105 0.375000 173
105 0.406250 88
105 0.437500 15
105 0.468750 0
105 0.500000 0
105 0.531250 0
105 0.562500 5
105 0.593750 47
105 0.625000 200
105 0.656250 462
105 0.687500 963
105 0.718750 1608
105 0.750000 2239
105 0.781250 2945
105 0.812500 3598
105 0.843750 4029
105 0.875000 4396
105 0.906250 4388
105 0.937500 4482
105 0.968750 4477
106 0.000000 4085
106 0.031250 3728
106 0.062500 3484
106 0.093750 3086
106 0.125000 2716
106 0.156250 2242
106 0.187500 1899
106 0.218750 1410
106 0.250000 1146
106 0.281250 813
106 0.312500 552
106 0.343750 312
106 0.375000 163
106 0.406250 77
106 0.437500 10
106 0.468750 1
106 0.500000 0
106 0.531250 0
106 0.562500 3
106 0.593750 61
106 0.625000 223
106 0.656250 537
106 0.687500 938
106 0.718750 1591
106 0.750000 2280
106 0.781250 2986
106 0.812500 3470
106 0.843750 3801
106 0.875000 4377
106 0.906250 4513
106 0.937500 4477
106 0.968750 4303
107 0.000000 4139
107 0.031250 3814
107 0.062500 3438
107 0.093750 3081
107 0.125000 2618
107 0.156250 2210
107 0.187500 1835
107 0.218750 1465
107 0.250000 1175
107 0.281250 780
107 0.312500 525
107 0.343750 326
107 0.375000 184
107 0.406250 63
107 0.437500 17
107 0.468750 0
107 0.500000 0
107 0.531250 0
107 0.562500 4
107 0.593750 49
107 0.625000 207
107 0.656250 515
107 0.687500 1035
107 0.718750 1691
107 0.750000 2161
107 0.781250 2986
107 0.812500 3556
107 0.843750 3975
107 0.875000 4323
107 0.906250 4539
107 0.937500 4534
107 0.968750 4408
108 0.000000 4195
108 0.031250 3758
108 0.062500 3451
108 0.093750 2959
108 0.125000 2586
108 0.156250 2144
108 0.187500 1895
108 0.218750 1495
108 0.250000 1174
108 0.281250 840
108 0.312500 536
108 0.343750 331
108 0.375000 187
108 0.406250 68
108 0.437500 11
108 0.468750 1
108 0.500000 0
108 0.531250 0
108 0.562500 2
108 0.593750 50
108 0.625000 206
108 0.656250 502
108 0.687500 1027
108 0.718750 1604
108 0.750000 2245
108 0.781250 2876
108 0.812500 3571
108 0.843750 3924
108 0.875000 4308
108 0.906250 4324
108 0.937500 4413
108 0.968750 4250
109 0.000000 4142
109 0.031250 3760
109 0.062500 3444
109 0.093750 3052
109 0.125000 2634
109 0.156250 2212
109 0.187500 1806
109 0.218750 1513
109 0.250000 1117
109 0.281250 832
109 0.312500 525
109 0.343750 311
109 0.375000 182
109 0.406250 83
109 0.437500 12
109 0.468750 1
109 0.500000 0
109 0.531250 0
109 0.562500 4
109 0.593750 63
109 0.625000 205
109 0.656250 492
109 0.687500 940
109 0.718750 1547
109 0.750000 2250
109 0.781250 3070
109 0.812500 3467
109 0.843750 4037
109 0.875000 4294
109 0.906250 4436
109 0.937500 4495
109 0.968750 4360
110 0.000000 4071
110 0.031250 3707
110 0.062500 3378
110 0.093750 3018
110 0.125000 2640
110 0.156250 2151
110 0.187500 1766
110 0.218750 1419
110 0.250000 1095
110 0.281250 778
110 0.312500 558
110 0.343750 350
110 0.375000 181
110 0.406250 56
110 0.437500 12
110 0.468750 0
110 0.500000 0
110 0.531250 0
110 0.562500 1
110 0.593750 44
110 0.625000 194
110 0.656250 483
110 0.687500 981
110 0.718750 1610
110 0.750000 2181
110 0.781250 2910
110 0.812500 3555
110 0.843750 3872
110 0.875000 4260
110 0.906250 4410
110 0.937500 4464
110 0.968750 4156
111 0.000000 3930
111 0.031250 3753
111 0.062500 3360
111 0.093750 2975
111 0.125000 2508
111 0.156250 2164
111 0.187500 1762
111 0.218750 1444
111 0.250000 1082
111 0.281250 775
111 0.312500 521
111 0.343750 318
111 0.375000 169
111 0.406250 66
111 0.437500 9
111 0.468750 1
111 0.500000 0
111 0.531250 0
111 0.562500 3
111 0.593750 55
111 0.625000 208
111 0.656250 545
111 0.687500 1022
111 0.718750 1593
111 0.750000 2266
111 0.781250 2855
111 0.812500 3463
111 0.843750 4028
111 0.875000 4409
111 0.906250 4363
111 0.937500 4322
111 0.968750 4345
112 0.000000 4114
112 0.031250 3740
112 0.062500 3325
112 0.093750 3034
112 0.125000 2539
112 0.156250 2264
112 0.187500 1848
112 0.218750 1444
112 0.250000 1153
112 0.281250 752
112 0.312500 562
112 0.343750 315
112 0.375000 149
112 0.406250 62
112 0.437500 19
112 0.468750 0
112 0.500000 0
112 0.531250 0
112 0.562500 5
112 0.593750 45
112 0.625000 203
112 0.656250 475
112 0.687500 962
112 0.718750 1570
112 0.750000 2242
112 0.781250 2845
112 0.812500 3503
112 0.843750 3989
112 0.875000 4339
112 0.906250 4410
112 0.937500 4376
112 0.968750 4280
113 0.000000 4011
113 0.031250 3777
113 0.062500 3309
113 0.093750 2928
113 0.125000 2658
113 0.156250 2192
113 0.187500 1774
113 0.218750 1423
113 0.250000 1068
113 0.281250 738
113 0.312500 541
113 0.343750 345
113 0.375000 162
113 0.406250 63
113 0.437500 7
113 0.468750 0
113 0.500000 0
113 0.531250 0
113 0.562500 2
113 0.593750 56
113 0.625000 194
113 0.656250 503
113 0.687500 910
113 0.718750 1458
113 0.750000 2305
113 0.781250 2828
113 0.812500 3538
113 0.843750 3850
113 0.875000 4235
113 0.906250 4403
113 0.937500 4325
113 0.968750 4240
114 0.000000 4029
114 0.031250 3629
114 0.062500 3427
114 0.093750 2973
114 0.125000 2541
114 0.156250 2152
114 0.187500 1802
114 0.218750 1454
114 0.250000 1160
114 0.281250 718
114 0.312500 469
114 0.343750 264
114 0.375000 150
114 0.406250 73
114 0.437500 8
114 0.468750 0
114 0.500000 0
114 0.531250 0
114 0.562500 3
114 0.593750 46
114 0.625000 179
114 0.656250 505
114 0.687500 963
114 0.718750 1489
114 0.750000 2253
114 0.781250 2916
114 0.812500 3403
114 0.843750 3869
114 0.875000 4105
114 0.906250 4416
114 0.937500 4344
114 0.968750 4207
115 0.000000 3894
115 0.031250 3634
115 0.062500 3325
115 0.093750 2839
115 0.125000 2532
115 0.156250 2185
115 0.187500 1733
115 0.218750 1427
115 0.250000 1070
115 0.281250 766
115 0.312500 526
115 0.343750 307
115 0.375000 149
115 0.406250 50
115 0.437500 12
115 0.468750 0
115 0.500000 0
115 0.531250 0
115 0.562500 4
115 0.593750 60
115 0.625000 208
115 0.656250 508
115 0.687500 973
115 0.718750 1593
115 0.750000 2231
115 0.781250 2892
115 0.812500 3388
115 0.843750 3781
115 0.875000 4215
115 0.906250 4443
115 0.937500 4290
115 0.968750 4202
116 0.000000 3878
116 0.031250 3680
116 0.062500 3149
116 0.093750 2888
116 0.125000 2551
116 0.156250 2074
116 0.187500 1712
116 0.218750 1396
116 0.250000 1059
116 0.281250 768
116 0.312500 509
116 0.343750 325
116 0.375000 156
116 0.406250 78
116 0.437500 14
116 0.468750 0
116 0.500000 0
116 0.531250 0
116 0.562500 6
116 0.593750 35
116 0.625000 199
116 0.656250 509
116 0.687500 937
116 0.718750 1550
116 0.750000 2123
116 0.781250 2888
116 0.812500 3507
116 0.843750 3869
116 0.875000 4199
116 0.906250 4207
116 0.937500 4240
116 0.968750 4161
117 0.000000 3891
117 0.031250 3629
117 0.062500 3293
117 0.093750 2884
117 0.125000 2502
117 0.156250 2111
117 0.187500 1716
117 0.218750 1405
117 0.250000 1061
117 0.281250 750
117 0.312500 528
117 0.343750 297
117 0.375000 152
117 0.406250 75
117 0.437500 14
117 0.468750 0
117 0.500000 0
117 0.531250 0
117 0.562500 2
117 0.593750 45
117 0.625000 191
117 0.656250 475
117 0.687500 879
117 0.718750 1585
117 0.750000 2201
117 0.781250 2780
117 0.812500 3409
117 0.843750 3750
117 0.875000 4131
117 0.906250 4383
117 0.937500 4294
117 0.968750 4242
118 0.000000 3966
118 0.031250 3508
118 0.062500 3305
118 0.093750 2838
118 0.125000 2568
118 0.156250 2129
118 0.187500 1692
118 0.218750 1372
118 0.250000 983
118 0.281250 768
118 0.312500 500
118 0.343750 336
118 0.375000 180
118 0.406250 48
118 0.437500 16
118 0.468750 0
118 0.500000 0
118 0.531250 0
118 0.562500 2
118 0.593750 44
118 0.625000 188
118 0.656250 463
118 0.687500 952
118 0.718750 1556
118 0.750000 2196
118 0.781250 2843
118 0.812500 3315
118 0.843750 3735
118 0.875000 4162
118 0.906250 4302
118 0.937500 4104
118 0.968750 4145
119 0.000000 3913
119 0.031250 3595
119 0.062500 3200
119 0.093750 2856
119 0.125000 2485
119 0.156250 2159
119 0.187500 1692
119 0.218750 1373
119 0.250000 1046
119 0.281250 752
119 0.312500 477
119 0.343750 309
119 0.375000 170
119 0.406250 56
119 0.437500 12
119 0.468750 0
119 0.500000 0
119 0.531250 0
119 0.562500 8
119 0.593750 47
119 0.625000 201
119 0.656250 476
119 0.687500 938
119 0.718750 1559
119 0.750000 2187
119 0.781250 2798
119 0.812500 3413
119 0.843750 3798
119 0.875000 4037
119 0.906250 4223
119 0.937500 4249
119 0.968750 4130
120 0.000000 3845
120 0.031250 3627
120 0.062500 3241
120 0.093750 2757
120 0.125000 2472
120 0.156250 2054
120 0.187500 1560
120 0.218750 1329
120 0.250000 1022
120 0.281250 763
120 0.312500 533
120 0.343750 300
120 0.375000 152
120 0.406250 68
120 0.437500 7
120 0.468750 1
120 0.500000 0
120 0.531250 0
120 0.562500 1
120 0.593750 40
120 0.625000 190
120 0.656250 504
120 0.687500 907
120 0.718750 1508
120 0.750000 2225
120 0.781250 2801
120 0.812500 3370
120 0.843750 3809
120 0.875000 4062
120 0.906250 4232
120 0.937500 4174
120 0.968750 3990
121 0.000000 3764
121 0.031250 3517
121 0.062500 3106
121 0.093750 2732
121 0.125000 2423
121 0.156250 2038
121 0.187500 1651
121 0.218750 1339
121 0.250000 1109
121 0.281250 711
121 0.312500 522
121 0.343750 282
121 0.375000 166
121 0.406250 71
121 0.437500 9
121 0.468750 0
121 0.500000 0
121 0.531250 0
121 0.562500 1
121 0.593750 57
121 0.625000 191
121 0.656250 486
121 0.687500 1000
121 0.718750 1570
121 0.750000 2210
121 0.781250 2749
121 0.812500 3331
121 0.843750 3816
121 0.875000 4063
121 0.906250 4176
121 0.937500 4198
121 0.968750 4040
122 0.000000 3705
122 0.031250 3487
122 0.062500 3104
122 0.093750 2773
122 0.125000 2500
122 0.156250 2006
122 0.187500 1675
122 0.218750 1317
122 0.250000 1017
122 0.281250 746
122 0.312500 493
122 0.343750 328
122 0.375000 166
122 0.406250 57
122 0.437500 9
122 0.468750 0
122 0.500000 0
122 0.531250 0
122 0.562500 2
122 0.593750 42
122 0.625000 217
122 0.656250 478
122 0.687500 960
122 0.718750 1468
122 0.750000 2208
122 0.781250 2742
122 0.812500 3255
122 0.843750 3882
122 0.875000 4065
122 0.906250 4107
122 0.937500 4183
122 0.968750 4003
123 0.000000 3737
123 0.031250 3373
123 0.062500 3103
123 0.093750 2730
123 0.125000 2416
123 0.156250 1957
123 0.187500 1685
123 0.218750 1273
123 0.250000 1014
123 0.281250 686
123 0.312500 482
123 0.343750 288
123 0.375000 157
123 0.406250 63
123 0.437500 11
123 0.468750 0
123 0.500000 0
123 0.531250 0
123 0.562500 5
123 0.593750 52
123 0.625000 176
123 0.656250 496
123 0.687500 897
123 0.718750 1443
123 0.750000 2179
123 0.781250 2712
123 0.812500 3312
123 0.843750 3708
123 0.875000 4019
123 0.906250 4183
123 0.937500 4116
123 0.968750 4109
124 0.000000 3723
124 0.031250 3419
124 0.062500 3065
124 0.093750 2750
124 0.125000 2425
124 0.156250 1979
124 0.187500 1584
124 0.218750 1414
124 0.250000 1037
124 0.281250 693
124 0.312500 501
124 0.343750 320
124 0.375000 172
124 0.406250 68
124 0.437500 11
124 0.468750 1
124 0.500000 0
124 0.531250 0
124 0.562500 4
124 0.593750 60
124 0.625000 213
124 0.656250 484
124 0.687500 948
124 0.718750 1547
124 0.750000 2193
124 0.781250 2706
124 0.812500 3284
124 0.843750 3678
124 0.875000 4031
124 0.906250 4123
124 0.937500 4037
124 0.968750 3939
125 0.000000 3701
125 0.031250 3356
125 0.062500 3106
125 0.093750 2704
125 0.125000 2446
125 0.156250 1944
125 0.187500 1673
125 0.218750 1317
125 0.250000 983
125 0.281250 739
125 0.312500 471
125 0.343750 285
125 0.375000 151
125 0.406250 70
125 0.437500 11
125 0.468750 0
125 0.500000 0
125 0.531250 0
125 0.562500 3
125 0.593750 50
125 0.625000 185
125 0.656250 501
125 0.687500 924
125 0.718750 1497
125 0.750000 2112
125 0.781250 2784
125 0.812500 3334
125 0.843750 3722
125 0.875000 3911
125 0.906250 4136
125 0.937500 4084
125 0.968750 4048
126 0.000000 3709
126 0.031250 3375
126 0.062500 3046
126 0.093750 2692
126 0.125000 2411
126 0.156250 1960
126 0.187500 1678
126 0.218750 1313
126 0.250000 988
126 0.281250 780
126 0.312500 494
126 0.343750 297
126 0.375000 125
126 0.406250 53
126 0.437500 20
126 0.468750 0
126 0.500000 0
126 0.531250 0
126 0.562500 4
126 0.593750 37
126 0.625000 205
126 0.656250 488
126 0.687500 910
126 0.718750 1515
126 0.750000 2147
126 0.781250 2754
126 0.812500 3302
126 0.843750 3672
126 0.875000 3872
126 0.906250 4109
126 0.937500 4000
126 0.968750 3975
127 0.000000 3677
127 0.031250 3468
127 0.062500 3121
127 0.093750 2634
127 0.125000 2351
127 0.156250 2008
127 0.187500 1660
127 0.218750 1361
127 0.250000 979
127 0.281250 672
127 0.312500 502
127 0.343750 281
127 0.375000 139
127 0.406250 62
127 0.437500 9
127 0.468750 0
127 0.500000 0
127 0.531250 0
127 0.562500 2
127 0.593750 47
127 0.625000 214
127 0.656250 504
127 0.687500 989
127 0.718750 1445
127 0.750000 2143
127 0.781250 2812
127 0.812500 3345
127 0.843750 3650
127 0.875000 3933
127 0.906250 4080
127 0.937500 3936
127 0.968750 3804
128 0.000000 3602
128 0.031250 3286
128 0.062500 3027
128 0.093750 2657
128 0.125000 2319
128 0.156250 1910
128 0.187500 1540
128 0.218750 1280
128 0.250000 986
128 0.281250 711
128 0.312500 475
128 0.343750 281
128 0.375000 170
128 0.406250 61
128 0.437500 15
128 0.468750 0
128 0.500000 0
128 0.531250 0
128 0.562500 1
128 0.593750 55
128 0.625000 166
128 0.656250 476
128 0.687500 865
128 0.718750 1464
128 0.750000 2135
128 0.781250 2632
128 0.812500 3160
128 0.843750 3542
128 0.875000 3826
128 0.906250 4096
128 0.937500 3952
128 0.968750 3924
129 0.000000 3659
129 0.031250 3337
129 0.062500 3016
129 0.093750 2610
129 0.125000 2251
129 0.156250 1919
129 0.187500 1585
129 0.218750 1303
129 0.250000 1007
129 0.281250 719
129 0.312500 467
129 0.343750 266
129 0.375000 150
129 0.406250 54
129 0.437500 12
129 0.468750 0
129 0.500000 0
129 0.531250 0
129 0.562500 2
129 0.593750 42
129 0.625000 192
129 0.656250 461
129 0.687500 842
129 0.718750 1532
129 0.750000 2046
129 0.781250 2621
129 0.812500 3225
129 0.843750 3474
129 0.875000 3884
129 0.906250 4070
129 0.937500 3983
129 0.968750 3806
130 0.000000 3514
130 0.031250 3227
130 0.062500 2967
130 0.093750 2572
130 0.125000 2212
130 0.156250 1889
130 0.187500 1579
130 0.218750 1167
130 0.250000 953
130 0.281250 682
130 0.312500 455
130 0.343750 331
130 0.375000 154
130 0.406250 53
130 0.437500 11
130 0.468750 0
130 0.500000 0
130 0.531250 0
130 0.562500 0
130 0.593750 34
130 0.625000 201
130 0.656250 471
130 0.687500 898
130 0.718750 1442
130 0.750000 2079
130 0.781250 2683
130 0.812500 3201
130 0.843750 3579
130 0.875000 3849
130 0.906250 3906
130 0.937500 3990
130 0.968750 3792
131 0.000000 3589
131 0.031250 3259
131 0.062500 2999
131 0.093750 2673
131 0.125000 2296
131 0.156250 1891
131 0.187500 1558
131 0.218750 1238
131 0.250000 955
131 0.281250 695
131 0.312500 466
131 0.343750 252
131 0.375000 174
131 0.406250 64
131 0.437500 11
131 0.468750 0
131 0.500000 0
131 0.531250 0
131 0.562500 1
131 0.593750 48
131 0.625000 201
131 0.656250 437
131 0.687500 890
131 0.718750 1469
131 0.750000 2054
131 0.781250 2679
131 0.812500 3072
131 0.843750 3572
131 0.875000 3872
131 0.906250 4001
131 0.937500 3872
131 0.968750 3775
132 0.000000 3526
132 0.031250 3093
132 0.062500 2894
132 0.093750 2581
132 0.125000 2267
132 0.156250 1939
132 0.187500 1564
132 0.218750 1205
132 0.250000 977
132 0.281250 729
132 0.312500 495
132 0.343750 265
132 0.375000 158
132 0.406250 62
132 0.437500 11
132 0.468750 0
132 0.500000 0
132 0.531250 0
132 0.562500 4
132 0.593750 60
132 0.625000 203
132 0.656250 427
132 0.687500 814
132 0.718750 1418
132 0.750000 2109
132 0.781250 2609
132 0.812500 3233
132 0.843750 3633
132 0.875000 3845
132 0.906250 3760
132 0.937500 3887
132 0.968750 3744
133 0.000000 3650
133 0.031250 3226
133 0.062500 2817
133 0.093750 2644
133 0.125000 2267
133 0.156250 1892
133 0.187500 1509
133 0.218750 1197
133 0.250000 901
133 0.281250 696
133 0.312500 448
133 0.343750 260
133 0.375000 134
133 0.406250 51
133 0.437500 10
133 0.468750 0
133 0.500000 0
133 0.531250 1
133 0.562500 2
133 0.593750 41
133 0.625000 204
133 0.656250 500
133 0.687500 936
133 0.718750 1415
133 0.750000 1998
133 0.781250 2599
133 0.812500 3139
133 0.843750 3479
133 0.875000 3729
133 0.906250 3898
133 0.937500 3896
133 0.968750 3686
134 0.000000 3479
134 0.031250 3265
134 0.062500 2780
134 0.093750 2507
134 0.125000 2181
134 0.156250 1880
134 0.187500 1517
134 0.218750 1215
134 0.250000 966
134 0.281250 681
134 0.312500 463
134 0.343750 271
134 0.375000 141
134 0.406250 49
134 0.437500 15
134 0.468750 0
134 0.500000 0
134 0.531250 0
134 0.562500 4
134 0.593750 40
134 0.625000 194
134 0.656250 440
134 0.687500 900
134 0.718750 1345
134 0.750000 2028
134 0.781250 2646
134 0.812500 3146
134 0.843750 3455
134 0.875000 3801
134 0.906250 3817
134 0.937500 3758
134 0.968750 3574
135 0.000000 3507
135 0.031250 3139
135 0.062500 2820
135 0.093750 2561
135 0.125000 2138
135 0.156250 1801
135 0.187500 1544
135 0.218750 1185
135 0.250000 882
135 0.281250 657
135 0.312500 438
135 0.343750 284
135 0.375000 150
135 0.406250 62
135 0.437500 14
135 0.468750 0
135 0.500000 0
135 0.531250 0
135 0.562500 4
135 0.593750 45
135 0.625000 201
135 0.656250 454
135 0.687500 899
135 0.718750 1394
135 0.750000 2033
135 0.781250 2570
135 0.812500 3117
135 0.843750 3452
135 0.875000 3720
135 0.906250 3900
135 0.937500 3784
135 0.968750 3645
136 0.000000 3378
136 0.031250 3157
136 0.062500 2772
136 0.093750 2460
136 0.125000 2078
136 0.156250 1891
136 0.187500 1467
136 0.218750 1145
136 0.250000 873
136 0.281250 668
136 0.312500 462
136 0.343750 252
136 0.375000 147
136 0.406250 73
136 0.437500 18
136 0.468750 0
136 0.500000 0
136 0.531250 0
136 0.562500 2
136 0.593750 53
136 0.625000 205
136 0.656250 427
136 0.687500 876
136 0.718750 1457
136 0.750000 1968
136 0.781250 2620
136 0.812500 3009
136 0.843750 3483
136 0.875000 3645
136 0.906250 3823
136 0.937500 3816
136 0.968750 3545
137 0.000000 3292
137 0.031250 3129
137 0.062500 2702
137 0.093750 2373
137 0.125000 2097
137 0.156250 1831
137 0.187500 1451
137 0.218750 1180
137 0.250000 921
137 0.281250 613
137 0.312500 406
137 0.343750 250
137 0.375000 160
137 0.406250 52
137 0.437500 7
137 0.468750 0
137 0.500000 0
137 0.531250 0
137 0.562500 2
137 0.593750 42
137 0.625000 176
137 0.656250 484
137 0.687500 845
137 0.718750 1438
137 0.750000 1959
137 0.781250 2630
137 0.812500 3093
137 0.843750 3455
137 0.875000 3630
137 0.906250 3692
137 0.937500 3725
137 0.968750 3650
138 0.000000 3435
138 0.031250 3017
138 0.062500 2734
138 0.093750 2477
138 0.125000 2087
138 0.156250 1826
138 0.187500 1485
138 0.218750 1145
138 0.250000 875
138 0.281250 657
138 0.312500 412
138 0.343750 279
138 0.375000 153
138 0.406250 60
138 0.437500 14
138 0.468750 1
138 0.500000 0
138 0.531250 0
138 0.562500 4
138 0.593750 53
138 0.625000 192
138 0.656250 431
138 0.687500 870
138 0.718750 1376
138 0.750000 1916
138 0.781250 2455
138 0.812500 3058
138 0.843750 3393
138 0.875000 3610
138 0.906250 3782
138 0.937500 3735
138 0.968750 3499
139 0.000000 3225
139 0.031250 3029
139 0.062500 2849
139 0.093750 2434
139 0.125000 2160
139 0.156250 1719
139 0.187500 1418
139 0.218750 1177
139 0.250000 856
139 0.281250 621
139 0.312500 447
139 0.343750 251
139 0.375000 123
139 0.406250 62
139 0.437500 8
139 0.468750 1
139 0.500000 0
139 0.531250 0
139 0.562500 3
139 0.593750 41
139 0.625000 179
139 0.656250 423
139 0.687500 905
139 0.718750 1425
139 0.750000 1934
139 0.781250 2504
139 0.812500 2983
139 0.843750 3322
139 0.875000 3561
139 0.906250 3791
139 0.937500 3725
139 0.968750 3485
140 0.000000 3261
140 0.031250 2968
140 0.062500 2765
140 0.093750 2284
140 0.125000 2081
140 0.156250 1736
140 0.187500 1445
140 0.218750 1106
140 0.250000 887
140 0.281250 676
140 0.312500 421
140 0.343750 282
140 0.375000 142
140 0.406250 61
140 0.437500 4
140 0.468750 1
140 0.500000 0
140 0.531250 0
140 0.562500 3
140 0.593750 54
140 0.625000 175
140 0.656250 422
140 0.687500 860
140 0.718750 1421
140 0.750000 1869
140 0.781250 2419
140 0.812500 2987
140 0.843750 3353
140 0.875000 3547
140 0.906250 3723
140 0.937500 3614
140 0.968750 3488
141 0.000000 3151
141 0.031250 2995
141 0.062500 2641
141 0.093750 2394
141 0.125000 2056
141 0.156250 1779
141 0.187500 1421
141 0.218750 1177
141 0.250000 868
141 0.281250 652
141 0.312500 393
141 0.343750 257
141 0.375000 134
141 0.406250 54
141 0.437500 9
141 0.468750 0
141 0.500000 0
141 0.531250 0
141 0.562500 2
141 0.593750 38
141 0.625000 182
141 0.656250 449
141 0.687500 881
141 0.718750 1369
141 0.750000 1883
141 0.781250 2472
141 0.812500 2858
141 0.843750 3336
141 0.875000 3543
141 0.906250 3652
141 0.937500 3630
141 0.968750 3522
142 0.000000 3133
142 0.031250 2989
142 0.062500 2609
142 0.093750 2347
142 0.125000 1978
142 0.156250 1709
142 0.187500 1356
142 0.218750 1152
142 0.250000 861
142 0.281250 658
142 0.312500 417
142 0.343750 261
142 0.375000 137
142 0.406250 54
142 0.437500 12
142 0.468750 1
142 0.500000 0
142 0.531250 0
142 0.562500 1
142 0.593750 42
142 0.625000 187
142 0.656250 454
142 0.687500 838
142 0.718750 1401
142 0.750000 1928
142 0.781250 2487
142 0.812500 2910
142 0.843750 3251
142 0.875000 3414
142 0.906250 3542
142 0.937500 3571
142 0.968750 3368
143 0.000000 3355
143 0.031250 2926
143 0.062500 2642
143 0.093750 2327
143 0.125000 2034
143 0.156250 1791
143 0.187500 1409
143 0.218750 1076
143 0.250000 859
143 0.281250 601
143 0.312500 415
143 0.343750 281
143 0.375000 129
143 0.406250 47
143 0.437500 9
143 0.468750 0
143 0.500000 0
143 0.531250 0
143 0.562500 5
143 0.593750 45
143 0.625000 188
143 0.656250 472
143 0.687500 823
143 0.718750 1317
143 0.750000 1900
143 0.781250 2507
143 0.812500 3021
143 0.843750 3220
143 0.875000 3483
143 0.906250 3644
143 0.937500 3568
143 0.968750 3395
144 0.000000 3235
144 0.031250 2854
144 0.062500 2595
144 0.093750 2346
144 0.125000 1946
144 0.156250 1585
144 0.187500 1452
144 0.218750 1126
144 0.250000 823
144 0.281250 611
144 0.312500 421
144 0.343750 272
144 0.375000 154
144 0.406250 67
144 0.437500 10
144 0.468750 0
144 0.500000 0
144 0.531250 0
144 0.562500 2
144 0.593750 38
144 0.625000 181
144 0.656250 427
144 0.687500 862
144 0.718750 1267
144 0.750000 1841
144 0.781250 2375
144 0.812500 2898
144 0.843750 3228
144 0.875000 3552
144 0.906250 3446
144 0.937500 3449
144 0.968750 3322
145 0.000000 3128
145 0.031250 2759
145 0.062500 2599
145 0.093750 2189
145 0.125000 1978
145 0.156250 1581
145 0.187500 1343
145 0.218750 1082
145 0.250000 834
145 0.281250 635
145 0.312500 426
145 0.343750 277
145 0.375000 121
145 0.406250 50
145 0.437500 11
145 0.468750 0
145 0.500000 0
145 0.531250 0
145 0.562500 2
145 0.593750 42
145 0.625000 171
145 0.656250 437
145 0.687500 788
145 0.718750 1301
145 0.750000 1864
145 0.781250 2411
145 0.812500 2813
145 0.843750 3213
145 0.875000 3503
145 0.906250 3491
145 0.937500 3493
145 0.968750 3402
146 0.000000 3073
146 0.031250 2817
146 0.062500 2501
146 0.093750 2268
146 0.125000 1922
146 0.156250 1662
146 0.187500 1321
146 0.218750 1078
146 0.250000 858
146 0.281250 657
146 0.312500 402
146 0.343750 262
146 0.375000 123
146 0.406250 58
146 0.437500 7
146 0.468750 2
146 0.500000 0
146 0.531250 0
146 0.562500 7
146 0.593750 45
146 0.625000 184
146 0.656250 388
146 0.687500 866
146 0.718750 1334
146 0.750000 1924
146 0.781250 2364
146 0.812500 2785
146 0.843750 3178
146 0.875000 3433
146 0.906250 3428
146 0.937500 3373
146 0.968750 3337
147 0.000000 3194
147 0.031250 2909
147 0.062500 2456
147 0.093750 2174
147 0.125000 1898
147 0.156250 1647
147 0.187500 1332
147 0.218750 985
147 0.250000 830
147 0.281250 650
147 0.312500 416
147 0.343750 225
147 0.375000 123
147 0.406250 53
147 0.437500 7
147 0.468750 1
147 0.500000 0
147 0.531250 0
147 0.562500 3
147 0.593750 34
147 0.625000 149
147 0.656250 442
147 0.687500 781
147 0.718750 1309
147 0.750000 1904
147 0.781250 2405
147 0.812500 2812
147 0.843750 3085
147 0.875000 3373
147 0.906250 3420
147 0.937500 3423
147 0.968750 3213
148 0.000000 3044
148 0.031250 2738
148 0.062500 2485
148 0.093750 2252
148 0.125000 1897
148 0.156250 1563
148 0.187500 1293
148 0.218750 1072
148 0.250000 811
148 0.281250 608
148 0.312500 446
148 0.343750 218
148 0.375000 121
148 0.406250 47
148 0.437500 7
148 0.468750 0
148 0.500000 0
148 0.531250 0
148 0.562500 4
148 0.593750 40
148 0.625000 169
148 0.656250 437
148 0.687500 753
148 0.718750 1279
148 0.750000 1832
148 0.781250 2294
148 0.812500 2822
148 0.843750 3128
148 0.875000 3249
148 0.906250 3506
148 0.937500 3338
148 0.968750 3319
149 0.000000 3068
149 0.031250 2719
149 0.062500 2429
149 0.093750 2177
149 0.125000 1898
149 0.156250 1585
149 0.187500 1226
149 0.218750 993
149 0.250000 819
149 0.281250 566
149 0.312500 448
149 0.343750 234
149 0.375000 148
149 0.406250 45
149 0.437500 9
149 0.468750 0
149 0.500000 0
149 0.531250 0
149 0.562500 3
149 0.593750 35
149 0.625000 171
149 0.656250 419
149 0.687500 805
149 0.718750 1235
149 0.750000 1756
149 0.781250 2280
149 0.812500 2755
149 0.843750 3064
149 0.875000 3274
149 0.906250 3301
149 0.937500 3364
149 0.968750 3207
150 0.000000 2986
150 0.031250 2650
150 0.062500 2392
150 0.093750 2177
150 0.125000 1914
150 0.156250 1579
150 0.187500 1269
150 0.218750 1031
150 0.250000 739
150 0.281250 528
150 0.312500 371
150 0.343750 232
150 0.375000 127
150 0.406250 54
150 0.437500 7
150 0.468750 0
150 0.500000 0
150 0.531250 0
150 0.562500 4
150 0.593750 47
150 0.625000 168
150 0.656250 449
150 0.687500 775
150 0.718750 1299
150 0.750000 1711
150 0.781250 2371
150 0.812500 2753
150 0.843750 2997
150 0.875000 3311
150 0.906250 3336
150 0.937500 3354
150 0.968750 3197
151 0.000000 2997
151 0.031250 2658
151 0.062500 2391
151 0.093750 2152
151 0.125000 1854
151 0.156250 1521
151 0.187500 1319
151 0.218750 1056
151 0.250000 753
151 0.281250 546
151 0.312500 399
151 0.343750 241
151 0.375000 111
151 0.406250 50
151 0.437500 9
151 0.468750 1
151 0.500000 0
151 0.531250 0
151 0.562500 4
151 0.593750 38
151 0.625000 155
151 0.656250 448
151 0.687500 773
151 0.718750 1285
151 0.750000 1766
151 0.781250 2236
151 0.812500 2786
151 0.843750 3129
151 0.875000 3299
151 0.906250 3342
151 0.937500 3332
151 0.968750 3161
152 0.000000 2892
152 0.031250 2679
152 0.062500 2451
152 0.093750 2099
152 0.125000 1716
152 0.156250 1499
152 0.187500 1216
152 0.218750 987
152 0.250000 762
152 0.281250 553
152 0.312500 346
152 0.343750 230
152 0.375000 117
152 0.406250 43
152 0.437500 9
152 0.468750 0
152 0.500000 0
152 0.531250 0
152 0.562500 1
152 0.593750 33
152 0.625000 186
152 0.656250 413
152 0.687500 780
152 0.718750 1224
152 0.750000 1741
152 0.781250 2221
152 0.812500 2745
152 0.843750 3014
152 0.875000 3153
152 0.906250 3269
152 0.937500 3295
152 0.968750 3141
153 0.000000 2895
153 0.031250 2524
153 0.062500 2258
153 0.093750 2015
153 0.125000 1806
153 0.156250 1513
153 0.187500 1259
153 0.218750 978
153 0.250000 791
153 0.281250 542
153 0.312500 380
153 0.343750 244
153 0.375000 129
153 0.406250 73
153 0.437500 11
153 0.468750 0
153 0.500000 0
153 0.531250 0
153 0.562500 2
153 0.593750 43
153 0.625000 168
153 0.656250 408
153 0.687500 732
153 0.718750 1217
153 0.750000 1636
153 0.781250 2192
153 0.812500 2604
153 0.843750 2888
153 0.875000 3110
153 0.906250 3240
153 0.937500 3170
153 0.968750 3113
154 0.000000 2861
154 0.031250 2615
154 0.062500 2399
154 0.093750 2001
154 0.125000 1754
154 0.156250 1446
154 0.187500 1231
154 0.218750 939
154 0.250000 744
154 0.281250 557
154 0.312500 370
154 0.343750 206
154 0.375000 123
154 0.406250 38
154 0.437500 12
154 0.468750 1
154 0.500000 0
154 0.531250 0
154 0.562500 3
154 0.593750 34
154 0.625000 133
154 0.656250 339
154 0.687500 744
154 0.718750 1197
154 0.750000 1674
154 0.781250 2245
154 0.812500 2590
154 0.843750 2938
154 0.875000 3092
154 0.906250 3142
154 0.937500 3173
154 0.968750 3025
155 0.000000 2804
155 0.031250 2477
155 0.062500 2309
155 0.093750 1947
155 0.125000 1665
155 0.156250 1524
155 0.187500 1203
155 0.218750 912
155 0.250000 732
155 0.281250 544
155 0.312500 390
155 0.343750 222
155 0.375000 121
155 0.406250 49
155 0.437500 4
155 0.468750 0
155 0.500000 0
155 0.531250 0
155 0.562500 2
155 0.593750 28
155 0.625000 157
155 0.656250 359
155 0.687500 728
155 0.718750 1180
155 0.750000 1736
155 0.781250 2159
155 0.812500 2652
155 0.843750 2846
155 0.875000 3137
155 0.906250 3211
155 0.937500 3052
155 0.968750 2935
156 0.000000 2717
156 0.031250 2530
156 0.062500 2186
156 0.093750 1943
156 0.125000 1679
156 0.156250 1345
156 0.187500 1199
156 0.218750 993
156 0.250000 728
156 0.281250 485
156 0.312500 391
156 0.343750 222
156 0.375000 114
156 0.406250 57
156 0.437500 5
156 0.468750 0
156 0.500000 0
156 0.531250 0
156 0.562500 2
156 0.593750 38
156 0.625000 149
156 0.656250 417
156 0.687500 787
156 0.718750 1229
156 0.750000 1629
156 0.781250 2075
156 0.812500 2520
156 0.843750 2855
156 0.875000 3004
156 0.906250 3109
156 0.937500 2973
156 0.968750 2990
157 0.000000 2580
157 0.031250 2489
157 0.062500 2133
157 0.093750 1962
157 0.125000 1647
157 0.156250 1417
157 0.187500 1160
157 0.218750 889
157 0.250000 691
157 0.281250 547
157 0.312500 380
157 0.343750 225
157 0.375000 113
157 0.406250 63
157 0.437500 10
157 0.468750 0
157 0.500000 0
157 0.531250 0
157 0.562500 2
157 0.593750 38
157 0.625000 136
157 0.656250 373
157 0.687500 738
157 0.718750 1140
157 0.750000 1613
157 0.781250 2046
157 0.812500 2451
157 0.843750 2813
157 0.875000 2879
157 0.906250 2955
157 0.937500 3035
157 0.968750 2845
158 0.000000 2685
158 0.031250 2456
158 0.062500 2229
158 0.093750 1896
158 0.125000 1514
158 0.156250 1361
158 0.187500 1066
158 0.218750 899
158 0.250000 660
158 0.281250 532
158 0.312500 354
158 0.343750 232
158 0.375000 108
158 0.406250 49
158 0.437500 7
158 0.468750 0
158 0.500000 0
158 0.531250 0
158 0.562500 1
158 0.593750 48
158 0.625000 147
158 0.656250 392
158 0.687500 641
158 0.718750 1132
158 0.750000 1545
158 0.781250 2076
158 0.812500 2401
158 0.843750 2828
158 0.875000 2913
158 0.906250 2994
158 0.937500 2904
158 0.968750 2792
159 0.000000 2495
159 0.031250 2336
159 0.062500 2164
159 0.093750 1853
159 0.125000 1671
159 0.156250 1325
159 0.187500 1154
159 0.218750 911
159 0.250000 708
159 0.281250 474
159 0.312500 382
159 0.343750 215
159 0.375000 141
159 0.406250 48
159 0.437500 6
159 0.468750 0
159 0.500000 0
159 0.531250 0
159 0.562500 4
159 0.593750 34
159 0.625000 143
159 0.656250 378
159 0.687500 727
159 0.718750 1163
159 0.750000 1636
159 0.781250 2047
159 0.812500 2462
159 0.843750 2715
159 0.875000 2846
159 0.906250 2953
159 0.937500 2876
159 0.968750 2837
160 0.000000 2528
160 0.031250 2470
160 0.062500 2048
160 0.093750 1839
160 0.125000 1599
160 0.156250 1353
160 0.187500 1035
160 0.218750 903
160 0.250000 678
160 0.281250 514
160 0.312500 320
160 0.343750 214
160 0.375000 97
160 0.406250 54
160 0.437500 12
160 0.468750 0
160 0.500000 0
160 0.531250 0
160 0.562500 1
160 0.593750 33
160 0.625000 142
160 0.656250 345
160 0.687500 656
160 0.718750 1154
160 0.750000 1582
160 0.781250 2019
160 0.812500 2404
160 0.843750 2755
160 0.875000 2827
160 0.906250 2934
160 0.937500 2830
160 0.968750 2707
161 0.000000 2567
161 0.031250 2266
161 0.062500 2005
161 0.093750 1826
161 0.125000 1537
161 0.156250 1291
161 0.187500 1135
161 0.218750 853
161 0.250000 624
161 0.281250 491
161 0.312500 324
161 0.343750 180
161 0.375000 118
161 0.406250 47
161 0.437500 11
161 0.468750 0
161 0.500000 0
161 0.531250 0
161 0.562500 3
161 0.593750 38
161 0.625000 136
161 0.656250 342
161 0.687500 696
161 0.718750 1142
161 0.750000 1569
161 0.781250 2001
161 0.812500 2324
161 0.843750 2639
161 0.875000 2876
161 0.906250 2915
161 0.937500 2825
161 0.968750 2674
162 0.000000 2474
162 0.031250 2233
162 0.062500 2081
162 0.093750 1750
162 0.125000 1569
162 0.156250 1310
162 0.187500 1088
162 0.218750 863
162 0.250000 672
162 0.281250 490
162 0.312500 343
162 0.343750 219
162 0.375000 117
162 0.406250 44
162 0.437500 9
162 0.468750 0
162 0.500000 0
162 0.531250 0
162 0.562500 1
162 0.593750 36
162 0.625000 127
162 0.656250 374
162 0.687500 699
162 0.718750 1114
162 0.750000 1504
162 0.781250 1974
162 0.812500 2330
162 0.843750 2518
162 0.875000 2686
162 0.906250 2781
162 0.937500 2770
162 0.968750 2700
163 0.000000 2446
163 0.031250 2193
163 0.062500 2065
163 0.093750 1692
163 0.125000 1516
163 0.156250 1259
163 0.187500 1070
163 0.218750 840
163 0.250000 694
163 0.281250 452
163 0.312500 317
163 0.343750 225
163 0.375000 114
163 0.406250 43
163 0.437500 5
163 0.468750 0
163 0.500000 0
163 0.531250 0
163 0.562500 2
163 0.593750 34
163 0.625000 165
163 0.656250 369
163 0.687500 687
163 0.718750 1086
163 0.750000 1610
163 0.781250 1919
163 0.812500 2276
163 0.843750 2662
163 0.875000 2663
163 0.906250 2907
163 0.937500 2842
163 0.968750 2611
164 0.000000 2423
164 0.031250 2217
164 0.062500 2032
164 0.093750 1770
164 0.125000 1525
164 0.156250 1241
164 0.187500 1050
164 0.218750 876
164 0.250000 619
164 0.281250 503
164 0.312500 341
164 0.343750 214
164 0.375000 122
164 0.406250 48
164 0.437500 8
164 0.468750 0
164 0.500000 0
164 0.531250 0
164 0.562500 2
164 0.593750 32
164 0.625000 126
164 0.656250 348
164 0.687500 660
164 0.718750 1049
164 0.750000 1521
164 0.781250 1939
164 0.812500 2351
164 0.843750 2544
164 0.875000 2759
164 0.906250 2857
164 0.937500 2700
164 0.968750 2620
165 0.000000 2469
165 0.031250 2239
165 0.062500 1922
165 0.093750 1704
165 0.125000 1551
165 0.156250 1302
165 0.187500 1017
165 0.218750 809
165 0.250000 599
165 0.281250 477
165 0.312500 343
165 0.343750 186
165 0.375000 111
165 0.406250 51
165 0.437500 9
165 0.468750 0
165 0.500000 0
165 0.531250 0
165 0.562500 3
165 0.593750 32
165 0.625000 141
165 0.656250 373
165 0.687500 685
165 0.718750 1036
165 0.750000 1535
165 0.781250 1865
165 0.812500 2244
165 0.843750 2608
165 0.875000 2751
165 0.906250 2818
165 0.937500 2796
165 0.968750 2621
166 0.000000 2388
166 0.031250 2193
166 0.062500 1940
166 0.093750 1807
166 0.125000 1482
166 0.156250 1273
166 0.187500 1009
166 0.218750 826
166 0.250000 603
166 0.281250 451
166 0.312500 321
166 0.343750 198
166 0.375000 93
166 0.406250 46
166 0.437500 7
166 0.468750 0
166 0.500000 0
166 0.531250 0
166 0.562500 1
166 0.593750 33
166 0.625000 134
166 0.656250 361
166 0.687500 655
166 0.718750 1049
166 0.750000 1457
166 0.781250 1934
166 0.812500 2268
166 0.843750 2562
166 0.875000 2714
166 0.906250 2804
166 0.937500 2689
166 0.968750 2544
167 0.000000 2387
167 0.031250 2134
167 0.062500 1975
167 0.093750 1762
167 0.125000 1447
167 0.156250 1266
167 0.187500 982
167 0.218750 831
167 0.250000 632
167 0.281250 436
167 0.312500 301
167 0.343750 190
167 0.375000 122
167 0.406250 44
167 0.437500 5
167 0.468750 0
167 0.500000 0
167 0.531250 0
167 0.562500 4
167 0.593750 34
167 0.625000 141
167 0.656250 350
167 0.687500 633
167 0.718750 1048
167 0.750000 1483
167 0.781250 1958
167 0.812500 2252
167 0.843750 2653
167 0.875000 2751
167 0.906250 2702
167 0.937500 2647
167 0.968750 2595
168 0.000000 2395
168 0.031250 2240
168 0.062500 2011
168 0.093750 1682
168 0.125000 1463
168 0.156250 1237
168 0.187500 1035
168 0.218750 813
168 0.250000 636
168 0.281250 467
168 0.312500 325
168 0.343750 185
168 0.375000 101
168 0.406250 41
168 0.437500 5
168 0.468750 0
168 0.500000 0
168 0.531250 0
168 0.562500 3
168 0.593750 30
168 0.625000 141
168 0.656250 355
168 0.687500 721
168 0.718750 1055
168 0.750000 1505
168 0.781250 1855
168 0.812500 2185
168 0.843750 2478
168 0.875000 2685
168 0.906250 2781
168 0.937500 2676
168 0.968750 2622
169 0.000000 2366
169 0.031250 2137
169 0.062500 1943
169 0.093750 1643
169 0.125000 1388
169 0.156250 1168
169 0.187500 1016
169 0.218750 814
169 0.250000 662
169 0.281250 442
169 0.312500 300
169 0.343750 207
169 0.375000 122
169 0.406250 41
169 0.437500 4
169 0.468750 0
169 0.500000 0
169 0.531250 0
169 0.562500 4
169 0.593750 34
169 0.625000 134
169 0.656250 349
169 0.687500 684
169 0.718750 1010
169 0.750000 1512
169 0.781250 1854
169 0.812500 2162
169 0.843750 2527
169 0.875000 2592
169 0.906250 2620
169 0.937500 2537
169 0.968750 2533
170 0.000000 2457
170 0.031250 2196
170 0.062500 1945
170 0.093750 1648
170 0.125000 1435
170 0.156250 1228
170 0.187500 1035
170 0.218750 759
170 0.250000 580
170 0.281250 444
170 0.312500 312
170 0.343750 210
170 0.375000 100
170 0.406250 51
170 0.437500 5
170 0.468750 2
170 0.500000 0
170 0.531250 0
170 0.562500 1
170 0.593750 43
170 0.625000 157
170 0.656250 352
170 0.687500 640
170 0.718750 1046
170 0.750000 1467
170 0.781250 1813
170 0.812500 2220
170 0.843750 2416
170 0.875000 2597
170 0.906250 2588
170 0.937500 2606
170 0.968750 2579
171 0.000000 2438
171 0.031250 2015
171 0.062500 1934
171 0.093750 1678
171 0.125000 1446
171 0.156250 1237
171 0.187500 1022
171 0.218750 806
171 0.250000 561
171 0.281250 478
171 0.312500 301
171 0.343750 194
171 0.375000 107
171 0.406250 43
171 0.437500 10
171 0.468750 0
171 0.500000 0
171 0.531250 0
171 0.562500 3
171 0.593750 35
171 0.625000 173
171 0.656250 342
171 0.687500 696
171 0.718750 1044
171 0.750000 1418
171 0.781250 1890
171 0.812500 2299
171 0.843750 2395
171 0.875000 2529
171 0.906250 2684
171 0.937500 2577
171 0.968750 2473
172 0.000000 2254
172 0.031250 2106
172 0.062500 1888
172 0.093750 1642
172 0.125000 1428
172 0.156250 1180
172 0.187500 970
172 0.218750 887
172 0.250000 607
172 0.281250 467
172 0.312500 323
172 0.343750 221
172 0.375000 104
172 0.406250 42
172 0.437500 8
172 0.468750 0
172 0.500000 0
172 0.531250 0
172 0.562500 1
172 0.593750 35
172 0.625000 131
172 0.656250 351
172 0.687500 639
172 0.718750 1034
172 0.750000 1432
172 0.781250 1954
172 0.812500 2254
172 0.843750 2429
172 0.875000 2537
172 0.906250 2709
172 0.937500 2549
172 0.968750 2499
173 0.000000 2263
173 0.031250 2160
173 0.062500 1866
173 0.093750 1599
173 0.125000 1422
173 0.156250 1136
173 0.187500 944
173 0.218750 787
173 0.250000 624
173 0.281250 467
173 0.312500 292
173 0.343750 176
173 0.375000 110
173 0.406250 46
173 0.437500 6
173 0.468750 1
173 0.500000 0
173 0.531250 0
173 0.562500 2
173 0.593750 35
173 0.625000 147
173 0.656250 341
173 0.687500 626
173 0.718750 1088
173 0.750000 1365
173 0.781250 1896
173 0.812500 2243
173 0.843750 2398
173 0.875000 2610
173 0.906250 2598
173 0.937500 2605
173 0.968750 2442
174 0.000000 2269
174 0.031250 2075
174 0.062500 1771
174 0.093750 1600
174 0.125000 1379
174 0.156250 1195
174 0.187500 1006
174 0.218750 802
174 0.250000 581
174 0.281250 441
174 0.312500 317
174 0.343750 187
174 0.375000 106
174 0.406250 30
174 0.437500 3
174 0.468750 0
174 0.500000 0
174 0.531250 0
174 0.562500 3
174 0.593750 34
174 0.625000 130
174 0.656250 326
174 0.687500 663
174 0.718750 1021
174 0.750000 1443
174 0.781250 1853
174 0.812500 2187
174 0.843750 2424
174 0.875000 2566
174 0.906250 2582
174 0.937500 2540
174 0.968750 2412
175 0.000000 2276
175 0.031250 2080
175 0.062500 1812
175 0.093750 1639
175 0.125000 1320
175 0.156250 1233
175 0.187500 895
175 0.218750 787
175 0.250000 588
175 0.281250 450
175 0.312500 316
175 0.343750 186
175 0.375000 123
175 0.406250 47
175 0.437500 9
175 0.468750 0
175 0.500000 0
175 0.531250 0
175 0.562500 1
175 0.593750 35
175 0.625000 146
175 0.656250 338
175 0.687500 626
175 0.718750 1020
175 0.750000 1459
175 0.781250 1727
175 0.812500 2241
175 0.843750 2363
175 0.875000 2466
175 0.906250 2638
175 0.937500 2598
175 0.968750 2369
176 0.000000 2227
176 0.031250 1958
176 0.062500 1858
176 0.093750 1563
176 0.125000 1323
176 0.156250 1104
176 0.187500 923
176 0.218750 733
176 0.250000 597
176 0.281250 422
176 0.312500 311
176 0.343750 186
176 0.375000 109
176 0.406250 38
176 0.437500 10
176 0.468750 0
176 0.500000 0
176 0.531250 0
176 0.562500 1
176 0.593750 36
176 0.625000 143
176 0.656250 314
176 0.687500 652
176 0.718750 952
176 0.750000 1440
176 0.781250 1795
176 0.812500 2057
176 0.843750 2412
176 0.875000 2473
176 0.906250 2517
176 0.937500 2466
176 0.968750 2400
177 0.000000 2161
177 0.031250 1932
177 0.062500 1740
177 0.093750 1549
177 0.125000 1371
177 0.156250 1125
177 0.187500 924
177 0.218750 751
177 0.250000 536
177 0.281250 435
177 0.312500 322
177 0.343750 190
177 0.375000 107
177 0.406250 56
177 0.437500 2
177 0.468750 2
177 0.500000 0
177 0.531250 0
177 0.562500 1
177 0.593750 34
177 0.625000 137
177 0.656250 316
177 0.687500 652
177 0.718750 1031
177 0.750000 1354
177 0.781250 1770
177 0.812500 2097
177 0.843750 2346
177 0.875000 2448
177 0.906250 2553
177 0.937500 2479
177 0.968750 2371
178 0.000000 2169
178 0.031250 1946
178 0.062500 1792
178 0.093750 1458
178 0.125000 1275
178 0.156250 1103
178 0.187500 907
178 0.218750 769
178 0.250000 583
178 0.281250 447
178 0.312500 304
178 0.343750 187
178 0.375000 91
178 0.406250 33
178 0.437500 11
178 0.468750 0
178 0.500000 0
178 0.531250 0
178 0.562500 3
178 0.593750 33
178 0.625000 145
178 0.656250 325
178 0.687500 618
178 0.718750 994
178 0.750000 1372
178 0.781250 1787
178 0.812500 2039
178 0.843750 2270
178 0.875000 2446
178 0.906250 2477
178 0.937500 2379
178 0.968750 2276
179 0.000000 2051
179 0.031250 1964
179 0.062500 1723
179 0.093750 1433
179 0.125000 1231
179 0.156250 1072
179 0.187500 884
179 0.218750 739
179 0.250000 530
179 0.281250 417
179 0.312500 243
179 0.343750 183
179 0.375000 84
179 0.406250 49
179 0.437500 9
179 0.468750 0
179 0.500000 0
179 0.531250 0
179 0.562500 4
179 0.593750 39
179 0.625000 125
179 0.656250 355
179 0.687500 624
179 0.718750 938
179 0.750000 1333
179 0.781250 1784
179 0.812500 2033
179 0.843750 2211
179 0.875000 2369
179 0.906250 2428
179 0.937500 2395
179 0.968750 2305
180 0.000000 2076
180 0.031250 1889
180 0.062500 1691
180 0.093750 1466
180 0.125000 1263
180 0.156250 1061
180 0.187500 927
180 0.218750 697
180 0.250000 571
180 0.281250 475
180 0.312500 243
180 0.343750 173
180 0.375000 98
180 0.406250 33
180 0.437500 5
180 0.468750 0
180 0.500000 0
180 0.531250 0
180 0.562500 0
180 0.593750 22
180 0.625000 147
180 0.656250 302
180 0.687500 578
180 0.718750 979
180 0.750000 1264
180 0.781250 1667
180 0.812500 1953
180 0.843750 2328
180 0.875000 2383
180 0.906250 2291
180 0.937500 2325
180 0.968750 2280
181 0.000000 2023
181 0.031250 1831
181 0.062500 1648
181 0.093750 1413
181 0.125000 1190
181 0.156250 1034
181 0.187500 850
181 0.218750 660
181 0.250000 504
181 0.281250 396
181 0.312500 296
181 0.343750 166
181 0.375000 113
181 0.406250 37
181 0.437500 11
181 0.468750 0
181 0.500000 0
181 0.531250 0
181 0.562500 4
181 0.593750 36
181 0.625000 119
181 0.656250 317
181 0.687500 577
181 0.718750 987
181 0.750000 1279
181 0.781250 1654
181 0.812500 1986
181 0.843750 2238
181 0.875000 2281
181 0.906250 2278
181 0.937500 2258
181 0.968750 2070
182 0.000000 1930
182 0.031250 1845
182 0.062500 1635
182 0.093750 1359
182 0.125000 1185
182 0.156250 1018
182 0.187500 830
182 0.218750 666
182 0.250000 537
182 0.281250 395
182 0.312500 274
182 0.343750 176
182 0.375000 98
182 0.406250 32
182 0.437500 11
182 0.468750 1
182 0.500000 0
182 0.531250 0
182 0.562500 2
182 0.593750 28
182 0.625000 104
182 0.656250 298
182 0.687500 584
182 0.718750 929
182 0.750000 1229
182 0.781250 1627
182 0.812500 1877
182 0.843750 2187
182 0.875000 2243
182 0.906250 2269
182 0.937500 2177
182 0.968750 2156
183 0.000000 1918
183 0.031250 1654
183 0.062500 1528
183 0.093750 1343
183 0.125000 1186
183 0.156250 955
183 0.187500 832
183 0.218750 639
183 0.250000 537
183 0.281250 382
183 0.312500 250
183 0.343750 185
183 0.375000 83
183 0.406250 49
183 0.437500 5
183 0.468750 1
183 0.500000 0
183 0.531250 0
183 0.562500 0
183 0.593750 32
183 0.625000 120
183 0.656250 342
183 0.687500 535
183 0.718750 891
183 0.750000 1237
183 0.781250 1582
183 0.812500 1830
183 0.843750 2045
183 0.875000 2141
183 0.906250 2232
183 0.937500 2134
183 0.968750 2070
184 0.000000 1823
184 0.031250 1651
184 0.062500 1485
184 0.093750 1297
184 0.125000 1057
184 0.156250 991
184 0.187500 783
184 0.218750 629
184 0.250000 509
184 0.281250 382
184 0.312500 259
184 0.343750 159
184 0.375000 90
184 0.406250 37
184 0.437500 12
184 0.468750 0
184 0.500000 0
184 0.531250 0
184 0.562500 7
184 0.593750 32
184 0.625000 116
184 0.656250 304
184 0.687500 567
184 0.718750 848
184 0.750000 1204
184 0.781250 1509
184 0.812500 1787
184 0.843750 2016
184 0.875000 2007
184 0.906250 2119
184 0.937500 2124
184 0.968750 1981
185 0.000000 1800
185 0.031250 1632
185 0.062500 1493
185 0.093750 1322
185 0.125000 1037
185 0.156250 896
185 0.187500 755
185 0.218750 562
185 0.250000 469
185 0.281250 387
185 0.312500 256
185 0.343750 137
185 0.375000 91
185 0.406250 39
185 0.437500 10
185 0.468750 0
185 0.500000 0
185 0.531250 0
185 0.562500 1
185 0.593750 27
185 0.625000 105
185 0.656250 277
185 0.687500 529
185 0.718750 879
185 0.750000 1134
185 0.781250 1443
185 0.812500 1718
185 0.843750 1965
185 0.875000 2064
185 0.906250 2123
185 0.937500 1972
185 0.968750 1930
186 0.000000 1807
186 0.031250 1539
186 0.062500 1430
186 0.093750 1212
186 0.125000 1022
186 0.156250 887
186 0.187500 750
186 0.218750 594
186 0.250000 447
186 0.281250 354
186 0.312500 218
186 0.343750 161
186 0.375000 74
186 0.406250 36
186 0.437500 4
186 0.468750 0
186 0.500000 0
186 0.531250 0
186 0.562500 0
186 0.593750 35
186 0.625000 115
186 0.656250 294
186 0.687500 500
186 0.718750 811
186 0.750000 1083
186 0.781250 1484
186 0.812500 1625
186 0.843750 1924
186 0.875000 2052
186 0.906250 1931
186 0.937500 1941
186 0.968750 1913
187 0.000000 1717
187 0.031250 1539
187 0.062500 1330
187 0.093750 1188
187 0.125000 1049
187 0.156250 807
187 0.187500 704
187 0.218750 562
187 0.250000 420
187 0.281250 332
187 0.312500 249
187 0.343750 150
187 0.375000 82
187 0.406250 37
187 0.437500 3
187 0.468750 1
187 0.500000 0
187 0.531250 0
187 0.562500 0
187 0.593750 22
187 0.625000 100
187 0.656250 264
187 0.687500 465
187 0.718750 826
187 0.750000 1068
187 0.781250 1391
187 0.812500 1632
187 0.843750 1772
187 0.875000 1894
187 0.906250 1938
187 0.937500 1970
187 0.968750 1822
188 0.000000 1627
188 0.031250 1487
188 0.062500 1356
188 0.093750 1171
188 0.125000 1007
188 0.156250 822
188 0.187500 667
188 0.218750 546
188 0.250000 454
188 0.281250 346
188 0.312500 206
188 0.343750 142
188 0.375000 75
188 0.406250 20
188 0.437500 5
188 0.468750 1
188 0.500000 0
188 0.531250 0
188 0.562500 2
188 0.593750 25
188 0.625000 100
188 0.656250 255
188 0.687500 517
188 0.718750 759
188 0.750000 1080
188 0.781250 1332
188 0.812500 1585
188 0.843750 1738
188 0.875000 1833
188 0.906250 1849
188 0.937500 1843
188 0.968750 1740
189 0.000000 1636
189 0.031250 1415
189 0.062500 1335
189 0.093750 1143
189 0.125000 963
189 0.156250 833
189 0.187500 653
189 0.218750 549
189 0.250000 400
189 0.281250 283
189 0.312500 190
189 0.343750 120
189 0.375000 85
189 0.406250 23
189 0.437500 4
189 0.468750 1
189 0.500000 0
189 0.531250 0
189 0.562500 0
189 0.593750 18
189 0.625000 105
189 0.656250 303
189 0.687500 439
189 0.718750 782
189 0.750000 1042
189 0.781250 1328
189 0.812500 1512
189 0.843750 1754
189 0.875000 1940
189 0.906250 1821
189 0.937500 1847
189 0.968750 1802
190 0.000000 1599
190 0.031250 1443
190 0.062500 1202
190 0.093750 1158
190 0.125000 931
190 0.156250 839
190 0.187500 672
190 0.218750 573
190 0.250000 415
190 0.281250 309
190 0.312500 229
190 0.343750 127
190 0.375000 85
190 0.406250 43
190 0.437500 2
190 0.468750 0
190 0.500000 0
190 0.531250 0
190 0.562500 4
190 0.593750 32
190 0.625000 99
190 0.656250 247
190 0.687500 470
190 0.718750 733
190 0.750000 1000
190 0.781250 1359
190 0.812500 1530
190 0.843750 1706
190 0.875000 1745
190 0.906250 1833
190 0.937500 1749
190 0.968750 1657
191 0.000000 1659
191 0.031250 1340
191 0.062500 1225
191 0.093750 1013
191 0.125000 908
191 0.156250 790
191 0.187500 650
191 0.218750 522
191 0.250000 392
191 0.281250 283
191 0.312500 206
191 0.343750 140
191 0.375000 69
191 0.406250 28
191 0.437500 10
191 0.468750 0
191 0.500000 0
191 0.531250 0
191 0.562500 2
191 0.593750 19
191 0.625000 99
191 0.656250 259
191 0.687500 482
191 0.718750 741
191 0.750000 1065
191 0.781250 1225
191 0.812500 1512
191 0.843750 1632
191 0.875000 1761
191 0.906250 1778
191 0.937500 1679
191 0.968750 1652
192 0.000000 1453
192 0.031250 1350
192 0.062500 1187
192 0.093750 1078
192 0.125000 881
192 0.156250 769
192 0.187500 638
192 0.218750 500
192 0.250000 382
192 0.281250 267
192 0.312500 205
192 0.343750 151
192 0.375000 67
192 0.406250 30
192 0.437500 7
192 0.468750 0
192 0.500000 0
192 0.531250 0
192 0.562500 2
192 0.593750 23
192 0.625000 84
192 0.656250 259
192 0.687500 472
192 0.718750 727
192 0.750000 1003
192 0.781250 1299
192 0.812500 1475
192 0.843750 1709
192 0.875000 1739
192 0.906250 1828
192 0.937500 1692
192 0.968750 1636
193 0.000000 1457
193 0.031250 1331
193 0.062500 1235
193 0.093750 1020
193 0.125000 952
193 0.156250 730
193 0.187500 685
193 0.218750 512
193 0.250000 380
193 0.281250 281
193 0.312500 191
193 0.343750 132
193 0.375000 80
193 0.406250 24
193 0.437500 6
193 0.468750 1
193 0.500000 0
193 0.531250 0
193 0.562500 1
193 0.593750 28
193 0.625000 98
193 0.656250 233
193 0.687500 458
193 0.718750 726
193 0.750000 1009
193 0.781250 1264
193 0.812500 1441
193 0.843750 1640
193 0.875000 1632
193 0.906250 1725
193 0.937500 1726
193 0.968750 1576
194 0.000000 1429
194 0.031250 1273
194 0.062500 1142
194 0.093750 1049
194 0.125000 898
194 0.156250 748
194 0.187500 657
194 0.218750 522
194 0.250000 391
194 0.281250 291
194 0.312500 179
194 0.343750 148
194 0.375000 77
194 0.406250 29
194 0.437500 5
194 0.468750 1
194 0.500000 0
194 0.531250 0
194 0.562500 2
194 0.593750 27
194 0.625000 89
194 0.656250 256
194 0.687500 445
194 0.718750 681
194 0.750000 976
194 0.781250 1233
194 0.812500 1505
194 0.843750 1609
194 0.875000 1737
194 0.906250 1697
194 0.937500 1652
194 0.968750 1667
195 0.000000 1482
195 0.031250 1313
195 0.062500 1140
195 0.093750 1005
195 0.125000 877
195 0.156250 740
195 0.187500 596
195 0.218750 507
195 0.250000 374
195 0.281250 266
195 0.312500 188
195 0.343750 123
195 0.375000 63
195 0.406250 37
195 0.437500 7
195 0.468750 0
195 0.500000 0
195 0.531250 0
195 0.562500 0
195 0.593750 25
195 0.625000 106
195 0.656250 227
195 0.687500 448
195 0.718750 664
195 0.750000 972
195 0.781250 1209
195 0.812500 1421
195 0.843750 1578
195 0.875000 1719
195 0.906250 1701
195 0.937500 1630
195 0.968750 1533
196 0.000000 1460
196 0.031250 1420
196 0.062500 1187
196 0.093750 1008
196 0.125000 924
196 0.156250 734
196 0.187500 633
196 0.218750 505
196 0.250000 377
196 0.281250 291
196 0.312500 199
196 0.343750 115
196 0.375000 82
196 0.406250 34
196 0.437500 6
196 0.468750 0
196 0.500000 0
196 0.531250 0
196 0.562500 2
196 0.593750 17
196 0.625000 80
196 0.656250 240
196 0.687500 437
196 0.718750 687
196 0.750000 943
196 0.781250 1231
196 0.812500 1427
196 0.843750 1591
196 0.875000 1621
196 0.906250 1720
196 0.937500 1598
196 0.968750 1539
197 0.000000 1445
197 0.031250 1334
197 0.062500 1148
197 0.093750 997
197 0.125000 805
197 0.156250 691
197 0.187500 569
197 0.218750 478
197 0.250000 376
197 0.281250 285
197 0.312500 188
197 0.343750 147
197 0.375000 74
197 0.406250 37
197 0.437500 8
197 0.468750 0
197 0.500000 0
197 0.531250 0
197 0.562500 0
197 0.593750 30
197 0.625000 97
197 0.656250 221
197 0.687500 412
197 0.718750 681
197 0.750000 904
197 0.781250 1171
197 0.812500 1483
197 0.843750 1573
197 0.875000 1622
197 0.906250 1645
197 0.937500 1642
197 0.968750 1521
198 0.000000 1418
198 0.031250 1227
198 0.062500 1136
198 0.093750 983
198 0.125000 828
198 0.156250 699
198 0.187500 641
198 0.218750 455
198 0.250000 405
198 0.281250 266
198 0.312500 186
198 0.343750 137
198 0.375000 78
198 0.406250 26
198 0.437500 5
198 0.468750 0
198 0.500000 0
198 0.531250 0
198 0.562500 2
198 0.593750 21
198 0.625000 102
198 0.656250 202
198 0.687500 416
198 0.718750 695
198 0.750000 961
198 0.781250 1192
198 0.812500 1394
198 0.843750 1516
198 0.875000 1586
198 0.906250 1553
198 0.937500 1549
198 0.968750 1513
199 0.000000 1415
199 0.031250 1265
199 0.062500 1155
199 0.093750 924
199 0.125000 848
199 0.156250 702
199 0.187500 590
199 0.218750 468
199 0.250000 373
199 0.281250 277
199 0.312500 203
199 0.343750 149
199 0.375000 70
199 0.406250 48
199 0.437500 5
199 0.468750 2
199 0.500000 0
199 0.531250 0
199 0.562500 1
199 0.593750 21
199 0.625000 106
199 0.656250 225
199 0.687500 429
199 0.718750 688
199 0.750000 872
199 0.781250 1130
199 0.812500 1352
199 0.843750 1456
199 0.875000 1539
199 0.906250 1589
199 0.937500 1527
199 0.968750 1443
200 0.000000 1398
200 0.031250 1194
200 0.062500 1078
200 0.093750 941
200 0.125000 837
200 0.156250 719
200 0.187500 534
200 0.218750 404
200 0.250000 353
200 0.281250 256
200 0.312500 176
200 0.343750 113
200 0.375000 62
200 0.406250 32
200 0.437500 4
200 0.468750 0
200 0.500000 0
200 0.531250 0
200 0.562500 0
200 0.593750 19
200 0.625000 81
200 0.656250 242
200 0.687500 411
200 0.718750 641
200 0.750000 903
200 0.781250 1175
200 0.812500 1396
200 0.843750 1485
200 0.875000 1518
200 0.906250 1634
200 0.937500 1554
200 0.968750 1438
