2056 2062 2012 2076 2038 2018 2052 2033 1947 1969 1998 1961 1999 2046 1959 1927 2005 1944 2022 1955 1954 2022 2016 2102 1964 2096 1984 2097 2064 2028 2011 2070
3126 2969 3046 3124 3035 3167 3137 2975 2942 2999 2998 2893 3035 2820 2913 2970 3007 2850 2923 3056 3044 3037 2990 3181 3040 3042 3056 3129 3059 3158 3093 3127
4309 4368 4482 4280 4368 4436 4359 4262 4099 4299 4105 4306 4178 4136 4155 4262 4168 4243 4203 4284 4185 4310 4292 4334 4402 4309 4341 4411 4449 4517 4427 4399
5928 5974 5984 5937 5839 5687 5789 5768 5734 5680 5784 5688 5723 5707 5520 5799 5619 5724 5502 5681 5586 5680 5712 5835 5768 5930 5892 5743 5813 5831 5974 5977
7448 7562 7374 7292 7411 7460 7414 7337 7250 7262 7194 7193 7030 7039 7110 7183 7086 7078 7152 7273 7145 7258 7494 7417 7519 7331 7356 7521 7569 7510 7423 7489
9141 9027 9293 8914 8990 8992 8944 8783 8895 8733 8663 8666 8584 8548 8623 8514 8440 8462 8533 8518 8528 8702 8850 8849 8884 8805 9019 8997 9025 9020 9117 8975
10381 10229 10483 10263 10048 9992 10308 10201 10216 9931 9988 9827 9854 9741 9723 9824 9761 9933 9874 9830 9834 10187 9963 10093 10112 10187 10302 10391 10455 10433 10456 10219
11508 11431 11159 11472 11341 11298 11382 11196 11100 11005 11023 10900 10848 10829 10673 10826 10843 10857 10586 10878 10890 11013 11265 11043 11214 11179 11516 11545 11440 11439 11594 11527
12330 12358 12142 12205 12000 12334 11958 11999 11808 11609 11535 11571 11563 11547 11386 11545 11493 11647 11640 11655 11620 11800 11856 11856 11997 12015 12187 12177 12219 12246 12290 12228
13136 12704 12956 12982 13033 12723 12470 12494 12278 12277 12160 12182 12275 12171 11919 11965 11967 12415 11919 12244 12236 12167 12528 12293 12671 12878 12571 12862 12878 12775 13002 13109
13382 13358 13452 13495 13115 13127 12991 13010 12861 12613 12682 12557 12473 12343 12595 12369 12329 12546 12434 12649 12578 12678 12728 12953 13139 13136 13415 13340 13356 13583 13323 13553
13979 13732 13945 13637 13766 13647 13447 13316 12879 13376 12984 13187 13079 12778 12828 12995 13109 12635 12697 13114 13203 13193 13486 13381 13570 13735 13790 13833 13898 13786 13854 14072
14536 14726 14464 14345 14131 14252 13888 13786 13739 13401 13556 13670 13483 13258 13330 13194 13075 13460 13453 13320 13456 13623 13983 13843 14058 14083 14466 14286 14341 14477 14532 14506
15140 14946 14884 14872 14758 14637 14564 14434 14034 14018 13862 14005 13856 13791 13893 13701 13925 13908 13915 13840 14272 14203 14084 14304 14374 14468 14849 14970 15073 15173 15059 15140
15326 15322 15343 15363 15361 14913 14695 15139 14748 14469 14617 14297 14361 14129 14174 14307 14112 14357 14228 14317 14522 14428 14851 14992 14988 15053 15251 15472 15497 15641 15574 15455
16060 16009 15822 15776 15512 15334 15276 15082 14908 14893 14840 14845 14937 14602 14571 14529 14634 14665 14589 14559 15021 15110 15218 15433 15284 15625 15804 15734 15982 16222 15892 16053
16524 16415 16241 16046 15913 15894 15635 15668 15532 15498 15459 15286 15047 14829 14805 14704 14952 15148 15236 15023 15207 15316 15543 15510 15698 16093 16364 16069 16265 16417 16279 16387
16661 16563 16249 16446 16281 16138 15703 15651 15803 15564 15600 15355 15275 15034 14928 15291 15208 15117 15225 15306 15426 15480 15916 15896 16016 16295 16432 16464 16575 16762 16955 16760
16928 16867 16912 16723 16524 16580 15997 16035 15988 15648 15659 15432 15307 15536 15386 15161 15113 15237 15506 15467 15729 15834 15999 16436 16386 16583 16879 16767 16912 16810 17158 17144
16984 16977 16952 16651 16604 16524 16647 16243 15832 15889 15674 15615 15660 15664 15407 15548 15310 15688 15333 15616 15729 15865 16161 16275 16389 16441 16731 16757 16992 17115 17066 17143
17204 17248 17187 16726 16816 16671 16292 16216 16269 15761 15752 15764 15618 15577 15449 15378 15603 15485 15670 15684 15692 15747 16291 16380 16630 16797 16913 17027 17263 17491 17204 17373
17584 17483 17343 17104 16808 16810 16577 16209 16278 16270 16024 15843 15843 15546 15687 15569 15599 15747 15828 15793 15827 16173 16497 16544 16726 17128 17266 17187 17340 17432 17445 17416
17885 17459 17501 17378 17117 16922 16687 16421 16369 16147 16093 15860 15624 15908 15750 15499 15662 15868 15819 16250 16040 16500 16590 16585 17064 17383 17259 17496 17802 17681 17812 17963
18017 18086 17679 17511 17338 17026 17222 16803 16806 16549 16249 16273 15689 16246 15990 15874 15905 16011 16064 16254 16420 16694 16808 16961 17337 17217 17629 17510 18125 17954 18291 18031
18422 18161 18170 17949 17730 17528 16868 17010 16830 16670 16543 16441 16213 16125 16113 16279 15831 16202 16121 16340 16571 16814 17088 16847 17497 17736 18110 18107 18219 18249 18363 18203
18540 18636 18413 18085 17633 17656 17742 17160 17139 16910 16743 16692 16379 16609 16310 16349 16408 16389 17006 16839 16603 16984 17026 17355 17773 17894 18198 18337 18549 18490 18735 18872
18726 18871 18538 18315 18116 18020 17773 17691 17457 16826 16990 16976 16907 16630 16670 16623 16771 16480 16747 16858 16941 17174 17542 17806 18072 18240 18340 18388 18732 18800 19001 18946
19046 19203 18798 18539 18527 18218 17977 17588 17637 17206 17160 17184 16981 16808 16818 16586 16463 16773 16852 17078 17267 17346 17775 17991 18096 18389 18644 18929 19152 18906 19157 19312
19194 19072 18966 18499 18694 18402 18156 17951 17826 17755 17370 17148 16942 16773 16722 16820 16919 16672 16937 17083 17251 17443 17791 18016 18181 18498 18738 19132 19235 19212 19275 19535
19511 19111 19055 18863 18806 18489 18260 17954 17829 17273 17358 16946 16963 16812 16807 16790 16704 16941 17045 17266 17155 17760 17808 18287 18427 18486 18913 19113 19395 19319 19440 19500
19392 19023 18967 18885 18480 18671 18036 17684 17780 17500 17336 17096 16998 16990 16814 16796 16878 16618 16833 16802 17420 17596 17748 17918 18311 18751 18953 19122 19192 19240 19395 19328
19240 19232 18570 18688 18472 18047 17929 17879 17118 17362 16935 16735 16647 16839 16693 16673 16533 16882 16386 17033 16893 17304 17602 17912 18335 18370 18898 18834 19193 19255 19236 19344
19299 18895 18715 18435 18266 17975 17603 17581 17282 17128 16940 16633 16746 16456 16468 16417 16282 16638 17014 16743 16854 17348 17344 17656 17839 18116 18417 18610 18741 18854 19163 18913
18647 18495 18482 18349 18213 17627 17588 17470 17104 16963 16654 16363 16107 16186 16103 16065 16245 16317 16446 16531 16532 16848 17001 17546 17787 17928 18290 18399 18792 18616 18750 19038
18758 18559 18198 17924 17686 17254 17265 16955 16762 16407 16371 16178 15933 16119 15890 15999 15747 15801 15985 15888 16226 16741 17237 17124 17350 17680 17891 18507 18444 18404 18747 18382
18190 18176 17782 17659 17544 17470 16960 16728 16557 16242 16207 15974 15833 15484 15768 15593 15634 15611 15745 16159 16030 16588 16734 17236 17311 17650 17767 18197 18004 18422 18267 18293
18312 18324 17878 17680 17446 17230 17150 16930 16507 16135 15867 15912 15688 15638 15576 15613 15607 15591 15930 15867 15772 16223 16670 16797 17230 17338 17483 18041 18269 18484 18389 18572
18156 17752 17785 17662 17509 17089 16755 16665 16414 16271 15937 15750 15402 15453 15388 15644 15324 15504 15676 16049 16258 16295 16713 16978 17140 17609 17539 18104 18286 18269 18560 18181
18168 17939 17939 17661 17486 16849 16895 16789 16339 16195 16240 15638 15881 15401 15317 15388 15458 15652 15708 15838 15998 16167 16629 16959 17099 17516 17861 17934 18128 18057 18397 18427
18359 18070 17929 17881 17702 17386 17111 16724 16326 16114 16018 15851 15615 15504 15430 15042 15482 15635 15754 16021 16103 16427 16707 16896 17303 17439 17748 18043 18189 18462 18390 18471
18574 18500 18209 18199 17668 17236 17218 16750 16377 16373 16047 15895 15866 15493 15601 15621 15513 15422 15561 15809 16165 16159 16882 16926 17582 17906 17873 18224 18546 18394 18480 18799
18650 18428 18520 18042 17828 17514 17244 17036 16786 16490 16411 16091 15943 15791 15794 15647 15562 15782 15928 16097 16368 16481 16876 17157 17525 17737 18144 18260 18584 18787 18676 18865
18977 18519 18411 18308 17849 17715 17253 17130 16751 16171 16455 16273 15916 15943 15682 15644 15856 15574 16000 16119 16490 16781 17007 17498 17703 18087 18403 18743 18872 19036 19161 18813
19179 18885 18743 18305 18374 17934 17548 17086 17113 16541 16243 16126 16042 15939 15897 16057 15939 15731 16108 16088 16552 16864 17055 17501 18055 18216 18334 18871 19102 19117 19170 19038
19091 19050 18817 18369 18472 18064 17433 17463 17108 16833 16417 16277 16315 16034 15847 16123 16145 15929 16372 16272 16691 17122 17208 17590 17965 18346 18723 19032 19106 19155 19185 19343
19523 18976 19032 18723 18213 18210 17643 17107 17338 16724 16900 16614 16239 16239 16001 16011 16283 16107 16377 16371 16822 17013 17519 17791 17933 18575 19028 19211 19218 19859 19418 19287
19654 19552 18990 18870 18514 18228 17984 17792 17317 16963 16776 16464 16349 16131 15894 16228 16041 16017 16442 16408 16774 17211 17301 17899 18169 18413 19023 19024 19669 19767 19487 19690
19352 19360 18989 18906 18522 18397 17951 17857 17398 17083 16633 16381 16333 16227 16257 16126 16193 16287 16323 16650 16747 17125 17500 17827 18369 18587 19037 19209 19633 19770 19690 19876
19770 19319 19400 19074 18693 18236 17963 17669 17348 17212 16683 16363 16523 16371 16125 16401 16309 16220 16249 16518 16821 17308 17571 17690 18452 18543 18749 19363 19560 19607 19783 19885
19916 19558 19455 18862 18739 18383 18055 17824 17570 16972 16777 16545 16589 16435 16065 16032 16442 16122 16432 16569 16980 17488 17505 18243 18381 18796 19386 19309 19468 19786 19706 20000
19814 19756 19422 19221 18838 18500 18084 17664 17685 17057 16989 16566 16491 16315 16122 16382 16212 16227 16581 16795 17087 17404 17629 18035 18492 18957 19025 19439 19687 20160 19929 20027
20274 19953 19610 19173 18898 18700 18298 17829 17730 17106 16880 16749 16445 16132 16241 16201 16461 16404 16515 16489 17147 17461 17864 18174 18356 18956 19426 19998 20075 20140 20252 20301
20026 19864 19560 19317 19085 18753 18327 17741 17450 17078 16912 16739 16309 16343 16370 16230 16369 16436 16760 16774 17139 17253 17696 18068 18556 19098 19113 19916 20008 20165 20285 20528
20022 19963 19689 19232 19113 18833 18331 18094 17882 17246 17015 16832 16543 16726 16285 16146 16041 16559 16408 16751 17110 17494 17865 18280 18669 19129 19370 19648 19914 20318 20083 20237
20379 20069 19730 19465 19120 18636 18348 17951 17692 17310 17187 16737 16442 16443 16433 16018 16385 16520 16427 16877 17159 17158 17739 18325 18715 19246 19698 19633 20323 20451 20369 20182
20339 20040 19862 19486 19018 18820 18286 18150 17460 17222 17117 16684 16517 16496 16210 16282 16199 16127 16263 16844 17031 17388 17831 18244 18938 19122 19575 19795 20301 20320 20475 20559
20358 20138 19815 19589 19175 18695 18168 18117 17642 17387 16894 16736 16682 16349 16367 16113 16249 16549 16622 16984 16875 17485 17979 18164 18770 19495 19618 19971 20277 20335 20540 20318
20408 20157 19773 19703 18750 18932 18536 17893 17740 17342 16990 16742 16525 16311 16239 16201 16446 16365 16653 16973 17365 17739 17911 18215 18851 19308 19354 20191 20290 20120 20609 20707
20191 20401 19887 19515 19249 18755 18199 18024 17594 17228 17003 16708 16448 16285 16262 16167 16302 16410 16306 16635 17050 17537 17961 18299 18810 19299 19674 19924 20390 20547 20427 20734
20330 20233 19934 19569 19282 19082 18432 18160 17598 17310 17042 17052 16591 16287 16316 16161 16349 16589 16669 16849 17040 17273 17830 18250 18748 19410 19516 20069 20375 20746 20505 20459
20257 20406 20076 19457 19365 18912 18390 17915 17719 17172 17113 16586 16606 16280 16025 16158 16251 16389 16449 16665 16987 17392 17840 18276 18889 19399 19495 20109 20391 20499 20502 20390
20267 20374 20141 19501 19338 18812 18261 17798 17513 17371 17108 16766 16377 16191 16298 16215 16149 16277 16347 16835 17176 17217 17960 18382 18914 19401 19777 19998 20103 20432 20927 20634
20517 20067 20051 19551 19004 18603 18249 17923 17490 17212 16906 16561 16408 16514 16208 16229 16430 16343 16265 16986 16982 17644 17855 18209 18794 19012 19693 19827 20523 20440 20529 20469
20681 20250 19799 19650 19218 18766 18221 18031 17519 17125 16867 16636 16427 16006 16185 16073 16391 16121 16286 16651 17160 17419 17994 18176 18764 19624 19687 20082 20446 20409 20513 20514
20410 20213 19770 19510 19231 18596 18219 17948 17261 17318 16851 16616 16134 16140 16148 15995 16120 16185 16241 16460 17189 17391 17915 18170 18974 19155 19581 20094 20457 20328 20604 20347
20401 20032 19937 19267 19018 18918 18268 18031 17541 16922 16856 16218 16187 16311 15811 16057 15924 15964 16440 16344 17047 17278 17469 18395 18794 19307 19620 20204 20505 20349 20609 20474
20442 20163 20007 19441 18896 18670 18486 17898 17447 17243 16857 16402 16428 16185 15677 16128 16034 15966 16243 16572 16435 17237 17757 18224 18695 19397 19712 20163 20439 20469 20561 20363
20290 20432 19791 19747 19308 18913 18128 17730 17279 16889 16860 16418 16323 15959 16096 15884 15949 15991 16392 16479 16723 17317 17812 18240 18925 19413 19698 19837 20408 20469 20834 20620
20253 20276 20028 19567 18999 18612 18219 17757 17319 16886 16656 16338 16213 15950 15863 15714 15814 15976 16184 16535 16577 16926 17810 18165 18850 19473 19665 19790 20309 20559 20423 20263
20264 20362 19890 19483 19074 18606 18439 17685 17160 16834 16713 16383 16107 16029 15840 15658 15936 16030 16272 16293 16914 17354 17650 18087 18703 19030 19817 20131 20525 20312 20453 20368
20296 19985 19895 19305 19115 18434 18081 17701 17111 16822 16580 16240 16091 15939 16096 15846 15704 16118 16274 16232 16795 17075 17603 18352 18605 19217 19733 19994 20397 20483 20313 20623
20337 20196 19784 19531 18832 18357 18074 17942 17481 17106 16742 16141 15933 16003 15895 15630 15378 15935 15908 16426 16688 17310 17767 18187 18845 19202 19628 19838 20414 20303 20544 20626
20127 20137 19946 19472 18918 18672 18136 17547 17069 16855 16557 16182 16142 15775 15843 15569 15733 15862 15819 16270 16559 17078 17850 17848 18453 19167 19468 19868 20309 20591 20353 20437
20446 19903 19939 19451 18790 18490 18023 17780 17280 16786 16268 16065 16130 15621 15500 15556 15622 15666 15886 16170 16574 16791 17691 17951 18451 19298 19491 19897 20328 20389 20562 20486
20203 20327 19842 19202 19099 18336 17928 17537 17119 16973 16385 16012 15961 15711 15690 15602 15657 15754 15987 16159 16602 16934 17517 18005 18453 19086 19558 20018 20353 20426 20680 20285
20400 20136 19890 19487 18859 18442 18197 17651 16907 16583 16701 15831 15802 15585 15459 15462 15834 15795 15607 16193 16417 17140 17499 17895 18313 19320 19519 19854 20466 20270 20630 20552
20095 19752 19693 19491 18692 18326 17900 17319 17116 16632 16453 15984 15588 15471 15655 15553 15696 15808 15784 16049 16667 16993 17369 17947 18292 19040 19366 19761 20151 20189 20597 20467
20170 19992 19571 19197 18626 18249 18106 17509 17090 16769 16345 15856 15752 15584 15489 15555 15232 15461 15768 16018 16573 17023 17310 17892 18708 18809 19239 19661 20247 20488 20518 20387
20250 20091 19494 19334 18867 18229 17937 17295 16786 16235 16174 15583 15787 15466 15358 15510 15449 15442 15663 16319 16137 16948 17236 17950 18092 18812 19183 19849 20236 20160 20361 20419
20044 19656 19404 18938 18585 18466 17971 17349 17035 16511 16222 15876 15604 15611 15433 15259 15493 15727 15746 16165 16268 16740 17136 17616 18437 18968 19440 20003 20242 20372 20558 20424
20262 19741 19686 19249 18501 18288 17698 17369 16695 16518 15954 15830 15415 15336 15174 15090 15062 15394 15655 15755 16167 16828 17178 17667 18277 18772 19398 19656 20005 19967 20276 20199
20230 19547 19490 19016 18529 18321 17536 17137 16986 16403 16060 15838 15670 15375 15110 15338 15237 15360 15781 15899 16356 16497 17310 17766 18419 18693 19250 19711 19990 20176 20277 20212
20086 19779 19323 19052 18880 18114 17426 17339 16745 16298 16087 15539 15497 15298 15171 15448 15135 15385 15432 15734 16169 16668 17258 17646 18181 18943 19289 19663 20289 20302 20220 20368
20374 19541 19310 18739 18434 18309 17669 17146 16651 16217 15669 15789 15160 15224 15114 15167 15381 15213 15598 15925 16090 16602 17239 17441 18342 18909 19229 19789 20273 20217 20414 20229
19867 19979 19439 19026 18860 18132 17708 17403 16685 16310 15813 15686 15413 15282 15155 15012 15111 15165 15512 15747 15960 16584 17115 17850 18392 18651 19275 19640 19848 20376 20242 20429
19915 19712 19152 19003 18555 17976 17551 16743 16758 16297 15739 15489 15203 15372 15053 14956 15101 15291 15347 15823 16215 16480 17093 17745 18172 18778 19172 19553 20043 19796 20066 20214
19925 19539 19389 18803 18518 17879 17508 16802 16817 16273 15931 15813 15380 14995 15115 14954 14990 15120 15431 15844 16114 16440 17184 17431 18175 18479 19018 19491 20244 20057 20325 19783
20166 19512 19086 18928 18472 17989 17457 17101 16293 16215 15774 15597 15314 14987 14836 14978 15004 14988 15391 15552 15952 16370 16922 17554 18139 18499 19355 19580 19766 19934 20285 19959
19801 19784 19165 18949 18365 18110 17373 17033 16631 16146 15756 15480 15225 15104 14995 14804 15001 14931 14937 15529 15905 16121 16920 17542 18054 18661 19145 19764 19617 19741 20239 19791
19678 19537 19251 18654 18597 17707 17335 17002 16510 15929 15720 15095 15053 14779 14793 14841 14594 15059 15139 15629 15822 16040 17030 17237 18005 18620 19079 19315 19603 20129 19960 19961
19774 19450 19251 18728 18203 17977 17193 17081 16406 15865 15888 15258 15075 14845 14749 14897 14744 14947 15086 15490 16026 16528 17048 17539 18281 18655 18946 19464 19565 19936 20260 19761
19793 19555 18928 18932 18307 17753 17505 16727 16216 15952 15281 15246 14886 14858 14500 14781 14863 14827 14966 15279 15665 16163 16748 17384 17956 18267 18854 19283 19690 19746 19678 20024
19556 19568 19105 18881 18198 17341 17174 16826 16148 15913 15442 15353 14938 14729 14743 14648 14664 14876 14958 15323 15699 16390 16537 17186 17639 18328 18914 19457 19791 19817 20071 19918
19667 19373 18954 18568 18271 17772 17083 16681 16269 15765 15306 15183 15043 14788 14515 14564 14545 14782 14946 15550 15823 16292 16443 17296 17770 18634 18786 19431 19548 19718 19984 19918
19465 19366 19061 18856 18029 17667 17261 16669 16476 15585 15790 15210 14881 14915 14562 14308 14593 14456 14903 15361 15829 16205 16810 17205 17545 18361 18773 19375 19451 19516 19660 19635
19598 19316 18627 18456 18059 17633 17150 16532 16266 15782 15304 14890 14693 14470 14642 14616 14346 14808 15012 15245 15722 16266 16684 17021 17901 18037 18906 19265 19230 19652 19541 19604
19723 19220 18826 18296 17976 17439 17068 16410 16005 15593 15306 14943 14800 14731 14447 14412 14549 14478 14762 15070 15498 16288 16457 17105 17746 18278 18854 19041 19594 19594 19805 19705
19379 19278 18668 18467 17846 17191 16988 16307 15886 15490 15296 14892 14704 14558 14306 14453 14628 14433 14723 15113 15616 15784 16639 17123 17603 18067 18567 19076 19426 19734 19864 19496
19188 18866 18671 18633 17784 17642 17050 16368 15873 15677 15151 14886 14714 14382 14240 14381 14365 14755 14694 15061 15505 15911 16600 17095 17437 17657 18597 19058 19407 19836 19388 19457
19385 19098 18651 18360 18017 17292 16859 16435 15783 15537 15043 14929 14478 14543 14068 14213 14240 14388 14598 14771 15599 15847 16677 17046 17493 18028 18445 18834 19304 19531 19593 19642
19301 18989 18578 18225 17745 17205 16767 16130 15890 15292 14911 14649 14383 14250 14064 14103 14281 14171 14498 14958 15171 15978 16561 16901 17537 18015 18582 18795 19120 19472 19506 19198
19347 19113 18604 18086 17699 17171 16900 16091 15740 15209 14889 14619 14381 14386 14250 14061 14178 14285 14400 15063 15385 15774 16232 16772 17540 18005 18251 18682 19306 19322 19505 19329
19247 18729 18433 18148 17702 17115 16639 16155 15721 15240 14842 14612 14291 14172 14059 14017 13866 14247 14516 14608 15121 15365 16161 16862 17462 17997 18308 18866 19010 19358 19248 19410
19132 18652 18312 17973 17624 17190 16518 15937 15554 15195 14570 14502 14252 14338 13923 14015 14068 14316 14449 14730 14927 15613 16037 16688 17116 17666 18491 18647 18938 19175 19039 19323
19048 18592 18469 18056 17703 17015 16567 15987 15446 15309 14685 14375 14109 14158 13843 13789 14076 14153 14222 14646 14982 15725 15828 16454 17310 17640 17955 18674 18678 19073 19313 19200
18846 18477 18377 17942 17294 16818 16426 15874 15461 15079 14739 14574 13976 13752 13967 13758 13974 13995 14029 14481 14897 15459 15834 16616 17067 17787 18217 18748 18911 19216 19278 18980
18585 18590 18125 17789 17344 16782 16265 15759 15712 14879 14493 14303 13872 13862 13559 13596 13846 14210 14131 14183 14844 15346 15978 16429 17067 17751 17980 18447 18576 18928 19014 18967
18967 18394 18279 17550 17293 16878 16410 15582 15161 15099 14367 14418 13865 13576 13749 13696 13753 13945 14178 14466 14949 15123 15841 16177 16929 17452 18164 18429 18570 19015 18896 18876
18695 18130 17960 17543 16858 16771 16024 15752 15449 14815 14609 14113 13999 13831 13625 13514 13652 13958 14027 14098 14686 15228 15719 16204 16926 17412 17946 18375 18719 18898 18790 18958
18824 18459 18163 17256 16990 16438 16222 15614 15219 14739 14300 14118 14088 13654 13510 13385 13767 13749 14033 14201 14707 15068 15574 16277 16924 17446 17815 18215 18710 18797 18773 18616
18472 18208 17788 17351 16667 16515 16175 15423 15259 14657 14412 13971 13992 13497 13509 13423 13599 13708 13942 14291 14797 14924 15448 16133 16913 17041 17858 18229 18598 18764 18869 18785
18208 18102 17648 17508 16812 16443 15938 15525 15191 14691 14401 13932 13765 13414 13571 13265 13449 13787 13821 14118 14455 14831 15501 16037 16787 17331 17819 18274 18613 18595 18831 18617
18169 17917 17726 17305 16591 16415 15896 15145 14790 14596 14226 13809 13569 13471 13336 13300 13523 13525 13694 14001 14315 14900 15814 15989 16832 16980 17490 18234 18171 18675 18485 18944
18407 17954 17548 17114 16805 16215 15628 15115 14706 14599 14346 13659 13762 13527 13297 13384 13309 13725 13779 13922 14458 14899 15406 15865 16499 17177 17655 18050 18225 18556 18420 18561
18205 17855 17540 17010 16675 16110 15683 15262 14779 14671 13912 13671 13757 13199 13473 13217 13238 13445 13855 13902 14431 14722 15172 15875 16559 17124 17317 17830 17964 18374 18468 18349
18129 17926 17332 17438 16683 16355 15641 15316 14712 14278 14246 13802 13470 13192 13379 13091 13386 13344 13660 13570 14499 14650 15434 15791 16435 16937 17435 17653 18193 18272 18521 18297
17953 17736 17883 16832 16669 16211 15444 15188 14809 14236 13839 13501 13468 13241 13107 12909 13018 13246 13665 13600 14351 14902 15102 15785 16293 16877 17278 17788 18023 18279 18473 18194
17876 17608 17364 16847 16375 16205 15595 15106 14604 14310 13779 13775 13384 13130 13060 13167 13271 13397 13378 13890 14137 14598 15159 15661 16163 16777 17236 17701 17884 18151 18144 18068
17896 17741 17428 17020 16561 16063 15752 15183 14408 14132 13879 13505 13297 13062 12973 12853 13203 13078 13636 13640 14035 14765 15221 15676 16202 16827 17114 17557 18005 17966 18130 18220
17786 17770 17252 16611 16516 15906 15579 14768 14580 14045 13781 13291 13277 13165 12930 12779 13089 13128 13465 13500 13897 14523 14853 15526 16202 16710 17190 17651 17941 18166 18086 17966
17922 17656 17140 16574 16472 15762 15494 14771 14421 14118 13489 13446 13252 12981 13081 12801 12906 13130 13218 13794 14053 14411 15007 15606 15830 16455 17115 17637 17620 18019 18218 17853
17729 17378 16838 16712 16466 15826 15287 14644 14371 13793 13583 13455 12835 12997 12838 12760 12898 13074 13440 13407 13818 14294 15032 15507 16161 16573 17119 17491 17877 17997 18159 18345
17596 17307 17064 16560 15910 15713 15247 14756 14384 14254 13397 12979 12946 12861 12829 12764 12780 12775 13177 13725 13987 14109 14706 15555 16019 16659 16862 17309 17595 17937 17837 17646
17730 17281 16804 16428 15864 15820 15153 14616 14294 13838 13378 13282 12914 12910 12731 12722 12938 12870 13058 13418 13750 14182 15003 15429 16005 16249 17042 17622 17611 17788 17772 17870
17652 17071 16765 16464 15958 15399 15038 14756 14069 13827 13277 12803 13097 12568 12785 12683 12645 12773 13158 13409 13657 14138 14673 15093 15797 16560 16785 17132 17654 17588 18158 17607
17621 17351 16795 16519 16121 15780 14982 14557 14154 13609 13218 13408 12933 12785 12708 12533 12559 12604 13051 13197 13837 14229 14643 15042 15831 16467 16739 17200 17742 17563 17886 17641
17477 17059 16960 16542 15913 15535 14863 14495 14043 13888 13409 12961 12658 12617 12606 12472 12518 12701 12716 13301 13496 14231 14409 15303 15603 16266 16598 17103 17470 17335 17804 17335
17377 16947 16655 16307 15850 15339 14997 14431 13950 13600 13311 13103 12692 12359 12460 12328 12582 12598 13120 13021 13557 14077 14661 15239 15611 16266 16680 17009 17472 17454 17422 17355
17006 16859 16412 16326 15651 15363 14916 14344 13808 13546 13204 12793 12713 12698 12303 12263 12511 12688 12874 13084 13562 13907 14462 14873 15345 16180 16652 17004 17317 17289 17663 17535
17025 16763 16265 16045 15721 15250 14801 14176 13814 13535 13080 12713 12551 12487 12487 12262 12221 12550 12844 12970 13416 13888 14362 14823 15623 15975 16700 16866 17220 17298 17460 17447
17142 16690 16298 15938 15443 15285 14683 14131 13725 13369 13046 13017 12558 12421 12282 12183 12353 12494 12654 13064 13218 13870 14162 14824 15414 15770 16562 16980 17140 17157 17164 17361
16846 16833 16401 15867 15316 14894 14669 14012 13630 13208 12799 12432 12401 12076 12140 11997 12155 12375 12433 12909 13155 13676 14012 14665 15117 15953 16265 16600 16851 17398 17286 17187
16749 16529 16438 15886 15104 14729 14313 13883 13643 13056 12650 12524 12250 12310 12277 11925 12051 12274 12478 12771 13202 13461 14052 14500 14963 15700 16267 16629 17043 16994 17027 17079
16581 16337 15989 15709 15184 14732 14251 13913 13391 12928 12756 12359 12205 12028 11986 11695 11989 12081 12394 12501 13062 13360 13881 14521 14863 15360 16125 16288 16742 16887 16622 16699
16613 16177 15913 15523 15073 14418 14041 13809 13346 12971 12692 12375 12025 11766 11840 11888 11999 11955 12220 12489 12819 13258 13796 14387 14856 15637 16140 16311 16645 16538 16669 16595
16123 16126 15512 15225 15026 14135 13996 13547 13333 12841 12339 12123 11945 11654 11743 11637 11665 11935 12091 12532 12804 13413 13537 14222 14654 15365 15522 16015 16312 16472 16333 16394
16129 15871 15427 15002 14634 14165 13706 13329 12784 12459 12133 12126 11869 11620 11673 11667 11577 11636 11887 12174 12736 13040 13480 13995 14644 15122 15579 15969 16064 16513 16350 16139
15755 15656 15226 15170 14647 13952 13508 13044 12781 12452 12060 11934 11668 11498 11304 11377 11751 11490 11937 12149 12414 12839 13347 13788 14320 15069 15355 15744 16090 16200 16148 16321
15625 15613 15271 14693 14367 13953 13369 13223 12520 12396 12061 11903 11598 11447 11127 11270 11258 11378 11521 12081 12395 12587 13207 13765 14243 14880 15278 15660 15591 16116 16057 15900
15547 15490 14983 14565 14175 13879 13341 13080 12408 12357 11834 11682 11468 11354 11400 11369 11174 11368 11522 11881 12317 12671 12970 13607 14050 14671 15284 15344 15821 15852 15984 15895
15438 15323 14839 14416 14014 13802 13207 12931 12494 12225 11934 11433 11373 11128 11018 11135 11226 11257 11541 11858 12122 12509 13186 13457 14096 14398 14772 15266 15582 15545 15635 15635
15595 15224 15019 14402 14001 13802 13307 12870 12506 11951 11692 11410 11350 11103 11134 11137 11126 11128 11471 11699 12064 12315 13096 13479 13869 14380 14895 15098 15447 15686 15751 15700
15370 15065 15036 14331 13962 13687 12926 12567 12396 12080 11615 11316 11234 10852 11144 10893 10987 11361 11203 11686 12089 12587 12976 13309 13975 14331 14768 15176 15416 15557 15605 15453
15277 14952 14601 14181 13909 13424 13104 12568 12379 11951 11506 11282 11208 10931 10868 10991 11061 11048 11363 11631 11817 12234 12958 13427 13939 14261 14704 14886 15249 15418 15581 15608
15255 14725 14659 14154 13935 13546 13068 12606 12318 11884 11626 11224 10967 11056 11128 10982 10930 11113 11431 11595 11817 12352 12854 13132 13844 14368 14714 15025 15333 15541 15329 15525
15207 14909 14656 14278 13807 13387 13070 12801 12049 11861 11455 11213 11138 10973 10965 10843 11126 11078 11297 11563 12035 12214 12628 13485 13556 14302 14927 14819 15361 15570 15365 15255
15117 14738 14378 14153 14027 13521 13067 12714 12222 11799 11617 11179 11165 11089 10924 10912 11073 11033 11201 11411 12010 12295 12721 13271 13822 14323 14580 15062 15269 15253 15426 15502
14995 15034 14724 14155 13662 13188 13143 12673 12116 11910 11607 11301 10996 10969 10988 11136 10915 11167 11092 11677 11978 12345 12727 13150 13663 14441 14590 14727 15237 15260 15394 15333
15130 15043 14515 14170 13924 13380 12981 12589 12260 11999 11496 11262 11174 11107 10878 10932 10927 11052 11191 11435 11811 12329 12877 13285 13807 14156 14777 14803 15404 15305 15110 15367
15071 14948 14555 14215 13871 13346 12732 12623 12264 11650 11402 11317 11234 11187 10816 10759 11030 10942 11213 11543 11837 12314 12780 13273 13703 14272 14582 15021 15356 15190 15376 15346
15251 14751 14452 14301 13842 13287 12867 12723 12152 11905 11550 11039 11127 10992 10929 10672 10801 11232 11287 11463 11828 12398 12658 13301 13623 14331 14631 15061 15315 15364 15121 15282
14961 14876 14331 14134 13937 13384 12995 12686 12210 11928 11468 11231 10899 10897 11092 10719 10858 11268 11109 11459 11787 12307 12719 13376 13645 14332 14547 15008 15296 15326 15354 15367
15027 14832 14539 14307 13752 13252 12864 12737 12111 11937 11530 11368 11033 10896 10907 10960 11049 10858 11126 11399 11846 12221 12742 13186 13619 14125 14800 14967 15477 15380 15494 15065
14998 14934 14595 14263 13756 13313 13063 12387 12064 11789 11641 11192 10936 10937 10839 10796 11092 10863 11227 11586 11827 12331 12648 13249 13697 14156 14637 15309 15033 15266 15414 15314
15006 14889 14398 14247 13740 13635 12948 12283 12107 11831 11552 11117 11101 10604 10813 10884 10776 10852 11306 11625 11748 12303 12713 13245 13521 13984 14624 14777 15162 15136 15384 15378
15085 14815 14406 14064 13589 13250 12820 12618 12106 11858 11382 11084 10950 10949 10709 10779 10897 10918 10812 11401 11831 12237 12793 13067 13677 14000 14441 14677 14990 15169 15363 15147
14903 14634 14351 14042 13528 13184 12660 12528 12066 11470 11440 11090 10911 10845 10591 10879 10771 10774 11048 11506 11762 11883 12434 13023 13773 13939 14425 14748 14963 15219 14998 15200
15024 14655 14287 13675 13495 13273 12623 12168 11951 11623 11158 11156 10949 10737 10722 10639 10690 10845 11163 11159 11745 12195 12425 12984 13494 13988 14437 14582 14960 15316 15207 14855
14927 14502 14118 13654 13401 13038 12560 12127 11971 11618 11279 10975 10651 10644 10337 10482 10758 10678 10957 11178 11365 12050 12521 12873 13518 14051 14308 14577 14899 15018 15122 14781
14569 14269 14162 13592 13197 12676 12332 12142 11610 11347 11059 10843 10600 10551 10361 10459 10517 10636 10827 11185 11409 11930 12454 12509 13143 13634 14131 14459 14422 14524 14909 15026
14468 14040 13958 13658 13240 12495 12309 11860 11528 11152 10703 10896 10490 10453 10284 10448 10346 10669 10691 10853 11143 11693 12270 12521 12885 13432 13847 14029 14317 14750 14251 14602
14094 13839 13485 13301 12726 12561 12086 11729 11181 10837 10572 10464 10508 10125 10116 10169 10051 10364 10537 10642 11173 11462 11995 12355 12826 13293 13776 13985 14365 14298 14229 14340
13894 13647 13372 13036 12352 12029 11901 11671 11100 10888 10759 10106 10114 10082 9690 9863 9933 10250 10242 10504 11051 11201 11528 12055 12568 13009 13434 13675 14004 14160 14093 14129
13613 13338 13027 12645 12281 11832 11632 11181 10860 10438 10298 10076 9899 9750 9713 9801 9668 9868 10063 10587 10540 11176 11548 12025 12340 12802 13038 13182 13671 13723 13527 13743
13141 12742 12545 12345 12137 11715 11287 10900 10609 10208 10082 9671 9599 9530 9481 9482 9590 9777 9882 10015 10273 10623 11321 11577 11973 12492 12748 13158 13071 13535 13434 13618
12931 12674 12409 12054 11616 11336 11048 10556 10240 10280 9848 9578 9632 9313 9273 9246 9284 9386 9512 9783 10108 10511 10857 11149 11617 12159 12370 12849 13051 13020 13222 12963
12714 12278 12409 11561 11504 11031 10797 10211 10034 9957 9510 9446 9204 9201 8956 9012 9121 9104 9252 9541 9825 10212 10596 11107 11347 11948 12296 12452 12693 12661 12824 12795
12301 12274 11593 11743 11064 10971 10586 10050 9934 9620 9680 9100 8871 8638 8944 8857 8867 8938 9117 9415 9715 10048 10515 10721 11218 11539 12005 12173 12390 12376 12518 12430
12361 12113 11445 11614 10841 10507 10309 10160 9484 9419 9161 8850 8839 8627 8838 8685 8856 8717 8932 9272 9604 9996 10295 10602 10893 11401 11705 11960 12170 12276 12350 12016
11876 11673 11461 11069 10810 10522 9956 9737 9571 9307 9213 8853 8784 8682 8522 8891 8588 8655 8839 9107 9445 9738 10229 10568 10865 11080 11675 11818 11965 12213 12406 12112
11789 11590 11272 11007 10705 10378 10139 9697 9483 9306 8975 8569 8671 8428 8381 8369 8389 8469 8647 8982 9355 9616 9802 10345 10770 11091 11486 11634 11834 11666 12033 11858
11798 11458 11162 10739 10674 10207 9889 9610 9393 9072 8833 8525 8442 8545 8458 8420 8359 8456 8673 8694 9091 9606 9857 10089 10605 11007 11389 11435 11775 12048 11883 11698
11655 11536 10987 10565 10547 10196 9631 9632 9240 9090 8855 8613 8532 8338 8337 8297 8422 8332 8564 8877 9126 9455 9789 10174 10644 10790 11103 11581 11553 11821 11733 11443
11419 11279 11134 10700 10382 10115 9826 9635 9382 8977 8721 8494 8554 8303 8184 8278 8320 8407 8414 8608 8866 9325 9767 10014 10408 10781 11047 11445 11548 11772 11685 11478
11296 11206 10923 10380 10444 9946 9634 9425 9255 9014 8742 8391 8374 8102 8243 8244 8267 8333 8418 8586 9023 9254 9596 9973 10357 10818 11068 11306 11429 11510 11524 11406
11401 11155 10881 10703 10225 10010 9712 9338 9153 8834 8645 8437 8245 8206 8280 8204 8167 8299 8387 8669 8899 9333 9537 10131 10374 10474 10907 11274 11472 11491 11389 11254
11315 11038 10979 10411 10087 9937 9666 9357 8996 8838 8592 8421 8367 8076 8040 7995 8209 8342 8590 8592 9198 9070 9472 9694 10230 10465 10748 11245 11371 11452 11482 11506
11118 10768 10621 10580 9986 9780 9613 9291 8856 8796 8377 8308 8144 8091 8223 8260 7998 8185 8462 8438 8891 9037 9439 9743 10094 10596 10812 11082 11164 11329 11408 11345
10845 10807 10645 10301 9888 9679 9430 9200 8737 8812 8229 8131 8180 7907 7974 8189 8009 8184 8220 8338 8584 9086 9476 9761 9933 10399 10734 10961 11121 11335 11412 11288
11009 10824 10566 10416 9969 9778 9396 8996 8831 8627 8353 8329 8120 8036 7904 7827 7909 8080 8219 8424 8664 8915 9386 9769 9936 10327 10719 10896 11106 11160 11253 11135
11034 10705 10379 10202 10045 9746 9462 8979 8749 8479 8316 8175 8027 7943 7862 7939 7999 8066 8062 8405 8737 8949 9459 9622 9906 10352 10723 10965 11074 11107 11276 11290
10658 10748 10527 10147 9939 9603 9337 9166 8902 8655 8184 8085 8026 7905 7842 7778 7895 7915 8133 8217 8540 8974 9379 9596 9930 10328 10462 10766 11009 10968 11125 11064
10829 10439 10328 10037 9963 9400 9200 8906 8615 8472 8132 7999 8059 7846 7682 7820 7981 7954 7990 8180 8512 8762 9132 9513 10083 10043 10356 10737 11015 11071 11017 11127
10808 10564 10409 10056 9661 9521 9140 8942 8585 8417 8267 7964 8032 7813 7768 7526 7838 7803 8007 8036 8514 8738 9038 9459 9761 10165 10346 10683 10656 10923 11038 10993
10706 10404 10231 9983 9789 9531 8960 8880 8730 8279 8188 7969 7777 7745 7737 7595 7614 7750 7950 8424 8270 8777 9167 9476 9758 10012 10345 10642 10571 10864 10793 10825
10468 10318 10324 9793 9679 9135 8957 8934 8620 8206 8161 7900 7826 7635 7698 7466 7479 7850 7795 8075 8261 8570 8913 9324 9655 10103 10451 10606 10671 10856 10675 10889
10592 10278 10044 9751 9479 9162 9045 8644 8483 8142 7941 7776 7672 7669 7498 7516 7633 7746 7820 7970 8147 8369 8978 9250 9568 9844 10331 10528 10681 10621 10785 10557
10286 10241 10063 9839 9422 9030 8881 8530 8396 8124 7951 7757 7611 7612 7480 7544 7680 7704 7745 8030 8183 8480 8769 9198 9609 9979 10274 10337 10487 10502 10565 10615
10267 10224 10067 9719 9446 9074 8600 8583 8459 8059 7729 7536 7567 7540 7331 7415 7415 7551 7673 7840 8210 8439 8699 9160 9436 9967 10053 10300 10162 10516 10413 10541
10125 9992 9789 9608 9366 9060 8552 8604 8103 7871 7781 7633 7425 7323 7182 7256 7549 7565 7700 7833 8305 8406 8622 9043 9150 9621 10093 10341 10181 10469 10503 10193
9953 9898 9647 9496 9208 8750 8566 8264 8014 7825 7597 7557 7326 7297 7120 7390 7469 7420 7714 7895 8014 8276 8669 9147 9146 9574 9820 10019 10210 10422 10196 10267
10023 9745 9583 9494 9168 8766 8511 8325 7994 8053 7619 7483 7502 7394 7043 7198 7141 7366 7347 7691 7832 8119 8590 8775 9183 9493 9631 9985 10175 10069 10155 10265
9842 9737 9439 9092 8948 8712 8545 8275 7982 7819 7436 7389 7226 7113 7190 7038 7206 7098 7347 7567 7819 8114 8348 8667 8955 9409 9755 9799 10109 10045 10033 10118
9664 9455 9445 8962 8902 8704 8246 7974 7674 7624 7387 7401 7097 6989 7025 7036 7068 7171 7316 7590 7730 8002 8128 8487 9048 9139 9462 9717 9916 9741 9949 9949
9431 9528 9193 8860 8771 8498 8242 7857 7785 7450 7151 7188 7009 6868 6969 6937 6863 7143 7290 7241 7637 7689 8180 8412 8789 8949 9207 9510 9624 9679 9739 9806
9386 9086 8983 8802 8453 8263 8019 7846 7409 7364 7085 6901 6806 6720 6698 6810 6877 6745 6981 7251 7561 7616 8140 8274 8493 8905 9107 9327 9411 9567 9379 9593
9017 9061 8701 8592 8222 8116 7908 7730 7373 7299 6974 6977 6638 6710 6634 6682 6728 6805 7044 7017 7298 7720 7682 8046 8389 8631 8868 9145 9286 9319 9378 9253
8899 8792 8517 8452 8152 7916 7504 7274 7190 6995 6857 6728 6557 6466 6470 6423 6586 6546 6701 6853 7173 7285 7741 7959 8229 8679 8647 8763 9043 9083 9174 9066
8711 8596 8184 7952 7813 7557 7370 7206 6847 6842 6624 6573 6464 6343 6264 6342 6444 6406 6359 6643 6957 7085 7457 7607 7925 8212 8351 8547 8842 8729 8959 8710
8250 8211 8049 7827 7721 7459 7183 6941 6628 6525 6478 6447 6022 6110 6018 5993 6058 6198 6214 6398 6673 6836 7319 7375 7638 7890 8222 8230 8512 8580 8408 8315
8083 7900 7668 7563 7332 7025 6841 6667 6510 6239 6152 5965 5924 5838 5895 5821 5860 5846 6120 6190 6576 6638 6805 7170 7485 7719 7959 7874 8270 8234 8054 8228
7693 7578 7262 7194 7034 6629 6522 6359 6186 5986 5837 5754 5508 5658 5596 5544 5590 5744 5751 5903 5986 6328 6550 6934 6891 7373 7383 7756 7836 7761 7798 7737
7527 7304 7153 6920 6578 6554 6182 6038 5965 5751 5671 5441 5438 5285 5430 5243 5417 5402 5456 5711 5817 6162 6310 6464 6811 7008 7160 7453 7283 7517 7453 7348
6853 6923 6613 6570 6429 6187 5910 5742 5650 5413 5346 5406 5225 5148 5137 5152 5188 5196 5285 5359 5607 5652 5873 6409 6482 6672 6864 6932 7072 7164 7192 6956
6603 6543 6509 6192 6071 5725 5792 5551 5454 5169 5100 5023 4978 4924 4925 4812 4917 4964 5041 5239 5357 5564 5806 5881 6141 6203 6488 6695 6805 7002 6672 6746
6341 6268 6066 6033 5756 5571 5457 5338 5075 5038 4851 4787 4793 4609 4648 4647 4660 4739 4793 4952 5057 5342 5450 5637 5872 6000 6310 6327 6441 6479 6627 6483
6088 6032 5948 5680 5609 5296 5137 5024 4952 4753 4637 4561 4515 4425 4458 4304 4535 4512 4766 4724 4988 5027 5203 5350 5687 5878 6066 6020 6034 6013 6216 6175
5757 5820 5458 5470 5316 5212 4958 4984 4742 4496 4375 4467 4307 4281 4219 4248 4303 4381 4451 4584 4606 4879 5063 5175 5523 5687 5654 5829 5967 5830 5925 5871
5739 5725 5481 5189 5253 4925 4850 4811 4506 4413 4336 4281 4233 4132 4015 4115 4222 4164 4276 4462 4560 4751 4788 5093 5165 5398 5526 5606 5766 5809 5623 5664
5396 5465 5188 5147 4969 4990 4640 4539 4355 4402 4230 3989 4097 4114 4032 3961 4043 3922 4213 4268 4498 4609 4788 4892 5119 5237 5472 5545 5500 5557 5593 5644
5475 5175 5164 5101 4826 4639 4555 4357 4329 4300 4149 4029 4003 3985 3833 3787 3961 3960 4084 4040 4269 4362 4599 4739 5002 5071 5200 5464 5327 5454 5441 5364
5203 5168 4980 4993 4732 4546 4464 4358 4298 4238 3978 3901 3853 3760 3841 3839 3840 3973 3986 4092 4220 4279 4465 4760 4881 5073 5174 5144 5249 5199 5234 5418
5165 5076 5011 4833 4728 4516 4432 4269 4145 4092 3971 3832 3807 3890 3795 3834 3746 3933 3909 4029 4189 4268 4444 4754 4771 4916 5033 5194 5175 5332 5239 5163
5050 4972 4953 4837 4559 4509 4228 4311 4102 4060 3911 3859 3780 3751 3710 3789 3737 3779 3870 3969 4070 4140 4273 4653 4765 4901 4955 5053 5105 5185 5195 5026
5110 5041 4890 4689 4656 4460 4223 4226 3952 4098 3928 3884 3781 3669 3608 3626 3731 3780 3866 3919 3946 4210 4278 4359 4579 4847 4951 5076 5090 5127 5184 5096
4973 4966 4826 4715 4585 4418 4338 4145 4087 3992 3882 3772 3679 3676 3638 3720 3683 3712 3745 3837 4091 4172 4370 4518 4502 4886 5013 4982 4985 5121 5093 5004
5034 4877 4785 4615 4600 4426 4246 4155 4030 3912 3817 3821 3727 3722 3675 3730 3672 3715 3887 3961 4046 4103 4287 4366 4560 4847 4973 5053 5086 5172 5142 5157
4956 4956 4698 4638 4509 4496 4268 4206 4049 3860 4012 3718 3714 3733 3601 3653 3710 3584 3780 3776 4017 4349 4284 4500 4667 4834 4775 4981 5112 5082 5013 5031
5132 4894 4750 4641 4440 4413 4189 4103 4098 3841 3899 3928 3807 3585 3685 3738 3663 3786 3855 3895 4081 4077 4333 4540 4673 4732 4886 4965 5292 5133 5013 5043
4963 4972 4835 4706 4564 4458 4324 4252 4212 3888 3829 3828 3788 3681 3652 3695 3699 3747 3815 3990 4021 4254 4497 4549 4672 4729 5060 4847 5168 5051 5136 5070
4988 4880 4919 4740 4552 4520 4294 4200 4075 3960 3949 3753 3760 3667 3715 3742 3662 3752 3886 3977 3985 4161 4291 4503 4632 4759 4999 4950 5144 5135 5127 4932
5060 4930 4859 4731 4461 4335 4361 4222 4277 4010 3952 3870 3842 3712 3747 3784 3777 3852 3788 3962 4075 4118 4368 4537 4763 4761 4950 5087 5181 5123 5142 5024
5037 4949 4880 4685 4577 4494 4336 4311 4082 4114 3893 3885 3846 3748 3786 3791 3750 3816 3880 4067 4074 4304 4324 4377 4800 4888 5064 5177 5192 5138 5228 5076
5142 4868 4880 4733 4738 4553 4418 4208 4180 4025 3910 3860 3747 3853 3711 3706 3906 3785 3840 4055 4136 4289 4394 4559 4662 4807 5011 5157 5139 5151 5111 5119
5201 5032 4885 4761 4583 4522 4433 4163 4092 4058 4005 3854 3750 3862 3847 3674 3690 3877 3803 4061 4110 4283 4425 4597 4707 4785 5146 5051 5143 5170 5266 5127
5058 4955 4814 4840 4694 4547 4421 4116 4134 4080 3905 3776 3887 3813 3742 3839 3864 3898 3887 4002 4131 4285 4439 4474 4651 4917 5073 5172 5223 5313 5193 4982
5152 4976 4975 4717 4603 4627 4387 4200 4148 4064 3924 3827 3836 3852 3686 3732 3780 3723 3960 4026 4178 4309 4446 4431 4710 5073 4979 5099 5222 5197 5230 5259
5107 5039 4722 4798 4676 4497 4303 4347 4014 4035 4040 3882 3865 3715 3729 3768 3819 3767 3939 3976 4075 4372 4509 4571 4797 4833 5271 5188 5183 5115 5137 5237
5092 4956 4918 4749 4565 4443 4411 4196 4258 4109 3697 3848 3760 3860 3715 3813 3619 3823 3766 4111 4086 4198 4396 4463 4804 4863 4873 5069 5199 5368 5249 5060
5162 4934 4885 4773 4594 4443 4376 4217 4195 4019 3979 3885 3742 3802 3784 3699 3823 3913 3856 4052 4137 4284 4364 4538 4765 5029 4851 5151 5135 5248 5252 5197
5194 5010 4870 4861 4721 4503 4445 4266 4099 4003 3988 3887 3966 3791 3786 3777 3793 3831 3918 3980 4127 4219 4492 4528 4800 4848 5033 5004 4982 5215 5056 5064
5107 5124 4860 4799 4532 4659 4331 4207 4155 4031 3947 3904 3936 3902 3816 3848 3865 3893 3931 3982 4120 4156 4329 4563 4743 4894 4909 5134 5030 5172 5157 5261
5016 5006 4911 4603 4671 4531 4594 4258 4103 3995 3885 4022 3688 3781 3814 3671 3839 3896 3948 3994 4097 4261 4265 4542 4672 4913 5021 5014 5061 5063 5235 5165
4955 4963 4831 4747 4724 4483 4311 4239 4183 4005 3943 3924 3798 3767 3715 3768 3765 3785 3928 3948 4177 4173 4321 4668 4686 4853 5012 5116 5255 5281 5310 5117
5115 4970 4881 4757 4574 4435 4507 4306 4163 4088 3867 3926 3727 3807 3753 3876 3820 3851 3970 3883 4083 4271 4398 4503 4758 4842 4993 5030 5333 5164 5174 4967
5131 5015 4743 4743 4521 4418 4508 4216 4031 4042 3868 3830 3765 3761 3787 3749 3769 3851 3889 3922 4159 4207 4394 4508 4608 4797 4935 5115 5103 5149 5271 5001
5054 4808 4766 4730 4471 4444 4304 4291 4029 3974 3896 3777 3748 3777 3769 3766 3780 3819 3959 4044 4019 4259 4417 4558 4754 4959 4858 5041 4948 5039 5209 5046
5019 4900 4781 4624 4566 4387 4193 4225 4019 4046 3890 3876 3718 3618 3713 3709 3772 3909 3889 3932 4009 4194 4324 4628 4611 4850 4866 5061 5154 5037 5008 4897
4996 4900 4798 4778 4498 4529 4255 4209 4118 3967 3798 3806 3811 3820 3684 3625 3725 3785 3806 3882 4102 4202 4430 4500 4532 4838 4942 4991 5021 4998 5088 4964
4940 4841 4719 4740 4471 4362 4378 4115 4048 3990 3838 3741 3728 3698 3753 3752 3667 3695 3824 3957 4074 4224 4185 4590 4601 4783 4821 4925 4961 5091 5098 4844
4907 4906 4833 4548 4559 4446 4233 4066 4158 4023 3838 3790 3562 3650 3683 3699 3673 3743 3918 3945 4069 4113 4317 4358 4595 4621 4876 5014 4963 5035 4973 4928
4809 4741 4811 4621 4663 4406 4209 4117 4065 3986 3773 3878 3692 3752 3624 3638 3738 3683 3831 3931 3881 4184 4234 4531 4507 4744 4796 4946 4891 5038 4931 5016
4952 4825 4768 4509 4469 4385 4139 4132 3964 3920 3755 3816 3596 3631 3683 3652 3656 3678 3777 3942 3894 3992 4276 4418 4466 4618 4900 4900 4900 4871 5062 5016
4788 4773 4737 4596 4324 4369 4154 4164 4015 3921 3732 3624 3670 3698 3625 3561 3600 3774 3749 3856 3937 4173 4301 4311 4422 4747 4842 4910 4939 5018 4956 4779
4745 4815 4657 4574 4396 4302 4120 3985 3914 3895 3769 3694 3607 3659 3501 3584 3683 3677 3670 3849 4072 4094 4346 4272 4504 4614 4641 4820 4913 4877 4866 4952
4827 4759 4581 4586 4313 4206 4107 4049 3907 3856 3883 3650 3637 3560 3483 3620 3634 3660 3668 3794 3775 4089 4159 4395 4468 4508 4790 4857 4861 4962 4916 4919
4567 4663 4507 4495 4398 4188 4270 4174 3914 3738 3870 3556 3513 3554 3552 3570 3640 3625 3708 3765 3864 4057 4262 4300 4422 4531 4590 4913 4774 4805 4864 4724
4658 4639 4452 4464 4369 4167 3992 3932 3748 3744 3698 3632 3541 3496 3485 3517 3463 3580 3676 3868 3824 4001 4149 4152 4429 4549 4653 4732 4936 4852 4722 4803
4657 4437 4452 4390 4374 4003 4023 3961 3780 3835 3551 3588 3486 3514 3384 3449 3550 3613 3553 3760 3822 3937 4056 4268 4190 4573 4614 4700 4784 4748 4750 4585
4653 4476 4474 4378 4357 4042 4058 3899 3757 3800 3665 3487 3514 3530 3340 3387 3467 3672 3571 3593 3756 3879 4111 4135 4466 4474 4611 4612 4573 4651 4715 4682
4497 4455 4306 4377 4070 4116 4011 3936 3727 3735 3571 3685 3527 3448 3416 3480 3498 3498 3504 3739 3842 3831 4125 4054 4391 4453 4581 4513 4621 4731 4619 4579
4451 4480 4410 4232 4111 4055 3930 3824 3768 3617 3560 3393 3390 3409 3421 3370 3496 3558 3482 3639 3709 3829 3967 4189 4265 4439 4531 4601 4605 4522 4594 4509
4459 4362 4259 4203 3986 3936 3904 3787 3668 3649 3485 3394 3554 3358 3374 3396 3425 3386 3593 3639 3694 3707 3960 4051 4160 4261 4451 4562 4476 4533 4658 4570
4379 4316 4243 4188 4079 3996 3845 3707 3664 3516 3502 3522 3381 3385 3400 3344 3381 3365 3567 3481 3623 3718 3818 4048 4265 4224 4375 4350 4562 4619 4541 4455
4456 4203 4110 4163 3965 3924 3824 3721 3485 3441 3432 3315 3168 3185 3298 3258 3335 3360 3495 3507 3536 3724 3794 3898 4278 4198 4306 4355 4535 4536 4481 4555
4277 4295 4126 4064 3884 3928 3691 3645 3701 3549 3348 3519 3327 3351 3369 3350 3353 3335 3407 3450 3568 3668 3899 4048 3996 4328 4309 4414 4385 4419 4518 4432
4376 4267 4023 4061 3929 3798 3680 3681 3503 3389 3299 3269 3362 3300 3253 3164 3354 3331 3428 3392 3625 3736 3813 3971 4031 4138 4340 4419 4501 4413 4404 4324
4261 4262 4040 4070 3927 3866 3673 3654 3607 3445 3440 3344 3335 3191 3345 3294 3209 3270 3304 3429 3550 3653 3741 3853 3984 4200 4336 4292 4407 4462 4374 4318
4238 4197 4143 4078 3904 3848 3821 3492 3546 3562 3350 3263 3275 3169 3300 3329 3249 3298 3401 3513 3515 3623 3786 4036 4039 4152 4266 4275 4243 4338 4354 4347
4236 4233 4086 3960 4002 3843 3612 3652 3593 3488 3429 3331 3197 3127 3281 3234 3312 3383 3368 3435 3565 3538 3806 3897 3955 4097 4193 4144 4217 4406 4249 4247
4335 4143 3992 4008 3881 3903 3614 3603 3440 3440 3394 3248 3294 3248 3287 3176 3321 3259 3288 3339 3503 3579 3791 3919 4040 4184 4280 4245 4389 4307 4341 4383
4209 4236 4107 3997 3888 3801 3723 3528 3526 3438 3416 3336 3355 3262 3168 3307 3267 3280 3362 3454 3473 3694 3660 3934 3923 4044 4094 4223 4314 4328 4378 4303
4217 4241 4110 3967 3833 3831 3769 3489 3542 3465 3474 3274 3222 3287 3130 3125 3147 3195 3366 3373 3505 3661 3639 3844 3943 3956 4248 4322 4402 4292 4344 4326
4286 4139 4111 3908 3899 3703 3598 3596 3572 3374 3431 3287 3271 3233 3287 3268 3252 3316 3263 3514 3442 3574 3801 3828 3922 4068 4121 4309 4306 4324 4268 4292
4216 4129 3979 3939 3828 3639 3474 3471 3443 3493 3357 3384 3116 3111 3224 3249 3261 3318 3412 3400 3449 3679 3671 3780 4051 3959 4121 4377 4369 4281 4238 4299
4115 4136 4107 3993 3806 3641 3567 3525 3480 3364 3253 3320 3273 3167 3266 3179 3249 3261 3407 3298 3537 3594 3815 3818 4102 4065 4154 4219 4252 4338 4287 4199
4199 3943 3965 3822 3872 3760 3706 3599 3377 3350 3328 3338 3237 3169 3156 3123 3152 3342 3289 3358 3538 3573 3745 3819 3966 3921 4034 4271 4359 4182 4237 4294
4207 4046 3994 3916 3779 3730 3733 3492 3545 3458 3337 3306 3324 3180 3139 3173 3148 3124 3403 3438 3461 3631 3716 3787 3894 4038 4051 4126 4246 4227 4266 4201
4170 4045 4040 3929 3805 3682 3706 3651 3505 3362 3305 3277 3144 3110 3145 3164 3274 3245 3259 3329 3409 3606 3733 3860 3901 4015 4042 4150 4108 4218 4116 4173
4146 4111 4016 3922 3754 3570 3627 3404 3426 3363 3219 3276 3087 3182 3174 3146 3142 3210 3265 3351 3499 3561 3697 3805 3781 4027 4114 4181 4090 4224 4194 4210
4072 3992 3984 3853 3805 3722 3558 3582 3393 3388 3276 3151 3169 3094 3082 3154 3180 3199 3365 3314 3323 3511 3604 3781 3963 4086 4181 4209 4262 4166 4184 4257
4229 3976 3934 3844 3712 3651 3515 3420 3395 3292 3298 3214 3339 3173 3224 3110 3178 3154 3332 3385 3362 3509 3587 3606 3871 3966 4100 4103 4240 4215 4299 4212
4016 3949 3835 3848 3874 3572 3556 3355 3366 3296 3286 3324 3195 3119 3300 3130 3167 3167 3257 3377 3483 3478 3650 3746 3873 3897 3969 4047 4170 4159 4129 4088
4045 3886 3882 3850 3897 3658 3505 3373 3327 3380 3285 3189 3140 3056 3110 3039 3164 3129 3265 3307 3287 3514 3713 3724 3829 3865 4057 4107 4059 4081 4062 4026
3975 3931 3838 3804 3832 3591 3464 3499 3432 3282 3257 3166 3141 3207 3123 2987 3112 3155 3200 3283 3313 3465 3624 3772 3837 3919 3962 3997 4014 4051 4148 4127
4017 3957 3833 3770 3775 3539 3526 3413 3278 3353 3214 3245 3175 3118 3034 3210 3085 3302 3233 3250 3356 3483 3554 3729 3780 3896 3889 4033 4132 4101 3992 4197
3987 3877 3836 3681 3651 3585 3544 3480 3343 3282 3205 3203 3131 3128 3134 3020 3030 3078 3164 3339 3420 3459 3519 3690 3734 3856 4098 3962 4006 4007 4113 4014
3932 3887 3886 3742 3709 3519 3435 3324 3317 3183 3160 3120 3076 2961 3100 3058 3105 3204 3152 3209 3343 3440 3553 3739 3732 3857 3955 3985 4175 4049 4086 4002
3942 3959 3821 3825 3585 3545 3401 3376 3333 3278 3018 3080 3039 3144 3128 3097 3048 3105 3105 3168 3340 3368 3435 3622 3659 3937 3862 3958 4016 4064 4109 3894
3969 3836 3685 3612 3702 3502 3452 3341 3281 3331 3146 3078 3147 3055 2981 3041 2972 3198 3224 3199 3185 3397 3535 3575 3660 3821 3797 4095 3967 3989 4032 3885
