20 0.000000 40
20 0.031250 37
20 0.062500 33
20 0.093750 26
20 0.125000 24
20 0.156250 21
20 0.187500 15
20 0.218750 19
20 0.250000 12
20 0.281250 3
20 0.312500 7
20 0.343750 1
20 0.375000 2
20 0.406250 0
20 0.437500 0
20 0.468750 0
20 0.500000 0
20 0.531250 0
20 0.562500 0
20 0.593750 0
20 0.625000 2
20 0.656250 6
20 0.687500 10
20 0.718750 18
20 0.750000 14
20 0.781250 19
20 0.812500 33
20 0.843750 36
20 0.875000 41
20 0.906250 40
20 0.937500 34
20 0.968750 36
21 0.000000 67
21 0.031250 71
21 0.062500 65
21 0.093750 50
21 0.125000 46
21 0.156250 23
21 0.187500 28
21 0.218750 12
21 0.250000 15
21 0.281250 11
21 0.312500 7
21 0.343750 8
21 0.375000 5
21 0.406250 2
21 0.437500 0
21 0.468750 0
21 0.500000 0
21 0.531250 0
21 0.562500 0
21 0.593750 2
21 0.625000 3
21 0.656250 7
21 0.687500 17
21 0.718750 31
21 0.750000 31
21 0.781250 36
21 0.812500 56
21 0.843750 69
21 0.875000 66
21 0.906250 55
21 0.937500 65
21 0.968750 67
22 0.000000 111
22 0.031250 115
22 0.062500 93
22 0.093750 77
22 0.125000 69
22 0.156250 71
22 0.187500 53
22 0.218750 43
22 0.250000 34
22 0.281250 23
22 0.312500 22
22 0.343750 9
22 0.375000 8
22 0.406250 2
22 0.437500 1
22 0.468750 0
22 0.500000 0
22 0.531250 0
22 0.562500 0
22 0.593750 0
22 0.625000 2
22 0.656250 17
22 0.687500 22
22 0.718750 32
22 0.750000 57
22 0.781250 80
22 0.812500 91
22 0.843750 88
22 0.875000 103
22 0.906250 105
22 0.937500 119
22 0.968750 107
23 0.000000 137
23 0.031250 143
23 0.062500 141
23 0.093750 132
23 0.125000 121
23 0.156250 100
23 0.187500 79
23 0.218750 67
23 0.250000 39
23 0.281250 42
23 0.312500 24
23 0.343750 20
23 0.375000 7
23 0.406250 1
23 0.437500 2
23 0.468750 0
23 0.500000 0
23 0.531250 0
23 0.562500 0
23 0.593750 5
23 0.625000 10
23 0.656250 23
23 0.687500 36
23 0.718750 60
23 0.750000 79
23 0.781250 101
23 0.812500 126
23 0.843750 139
23 0.875000 136
23 0.906250 169
23 0.937500 166
23 0.968750 170
24 0.000000 194
24 0.031250 226
24 0.062500 177
24 0.093750 172
24 0.125000 170
24 0.156250 140
24 0.187500 108
24 0.218750 86
24 0.250000 63
24 0.281250 47
24 0.312500 38
24 0.343750 24
24 0.375000 10
24 0.406250 3
24 0.437500 1
24 0.468750 0
24 0.500000 0
24 0.531250 0
24 0.562500 0
24 0.593750 3
24 0.625000 8
24 0.656250 37
24 0.687500 51
24 0.718750 79
24 0.750000 125
24 0.781250 142
24 0.812500 167
24 0.843750 177
24 0.875000 210
24 0.906250 227
24 0.937500 213
24 0.968750 225
25 0.000000 270
25 0.031250 266
25 0.062500 246
25 0.093750 212
25 0.125000 200
25 0.156250 186
25 0.187500 148
25 0.218750 123
25 0.250000 109
25 0.281250 70
25 0.312500 46
25 0.343750 34
25 0.375000 14
25 0.406250 5
25 0.437500 0
25 0.468750 0
25 0.500000 0
25 0.531250 0
25 0.562500 0
25 0.593750 5
25 0.625000 17
25 0.656250 47
25 0.687500 83
25 0.718750 109
25 0.750000 139
25 0.781250 201
25 0.812500 245
25 0.843750 247
25 0.875000 279
25 0.906250 316
25 0.937500 302
25 0.968750 288
26 0.000000 357
26 0.031250 324
26 0.062500 320
26 0.093750 269
26 0.125000 256
26 0.156250 238
26 0.187500 198
26 0.218750 132
26 0.250000 118
26 0.281250 102
26 0.312500 58
26 0.343750 41
26 0.375000 12
26 0.406250 7
26 0.437500 2
26 0.468750 0
26 0.500000 0
26 0.531250 0
26 0.562500 0
26 0.593750 6
26 0.625000 27
26 0.656250 41
26 0.687500 82
26 0.718750 152
26 0.750000 170
26 0.781250 230
26 0.812500 305
26 0.843750 322
26 0.875000 347
26 0.906250 401
26 0.937500 379
26 0.968750 372
27 0.000000 418
27 0.031250 430
27 0.062500 395
27 0.093750 344
27 0.125000 283
27 0.156250 279
27 0.187500 221
27 0.218750 183
27 0.250000 146
27 0.281250 99
27 0.312500 72
27 0.343750 53
27 0.375000 16
27 0.406250 6
27 0.437500 2
27 0.468750 0
27 0.500000 0
27 0.531250 0
27 0.562500 0
27 0.593750 8
27 0.625000 33
27 0.656250 64
27 0.687500 99
27 0.718750 168
27 0.750000 246
27 0.781250 317
27 0.812500 353
27 0.843750 343
27 0.875000 433
27 0.906250 471
27 0.937500 497
27 0.968750 493
28 0.000000 509
28 0.031250 512
28 0.062500 455
28 0.093750 425
28 0.125000 393
28 0.156250 314
28 0.187500 269
28 0.218750 198
28 0.250000 161
28 0.281250 105
28 0.312500 89
28 0.343750 51
28 0.375000 33
28 0.406250 11
28 0.437500 0
28 0.468750 0
28 0.500000 0
28 0.531250 0
28 0.562500 0
28 0.593750 4
28 0.625000 28
28 0.656250 65
28 0.687500 106
28 0.718750 213
28 0.750000 280
28 0.781250 337
28 0.812500 452
28 0.843750 434
28 0.875000 520
28 0.906250 566
28 0.937500 595
28 0.968750 547
29 0.000000 618
29 0.031250 576
29 0.062500 548
29 0.093750 516
29 0.125000 421
29 0.156250 351
29 0.187500 323
29 0.218750 253
29 0.250000 213
29 0.281250 155
29 0.312500 96
29 0.343750 65
29 0.375000 31
29 0.406250 16
29 0.437500 1
29 0.468750 0
29 0.500000 0
29 0.531250 0
29 0.562500 0
29 0.593750 8
29 0.625000 40
29 0.656250 103
29 0.687500 159
29 0.718750 235
29 0.750000 308
29 0.781250 399
29 0.812500 506
29 0.843750 591
29 0.875000 616
29 0.906250 619
29 0.937500 659
29 0.968750 619
30 0.000000 733
30 0.031250 665
30 0.062500 576
30 0.093750 537
30 0.125000 463
30 0.156250 457
30 0.187500 365
30 0.218750 268
30 0.250000 211
30 0.281250 165
30 0.312500 106
30 0.343750 83
30 0.375000 42
30 0.406250 9
30 0.437500 2
30 0.468750 0
30 0.500000 0
30 0.531250 0
30 0.562500 1
30 0.593750 4
30 0.625000 34
30 0.656250 96
30 0.687500 177
30 0.718750 245
30 0.750000 348
30 0.781250 469
30 0.812500 533
30 0.843750 625
30 0.875000 699
30 0.906250 793
30 0.937500 734
30 0.968750 686
31 0.000000 759
31 0.031250 710
31 0.062500 734
31 0.093750 585
31 0.125000 517
31 0.156250 432
31 0.187500 366
31 0.218750 341
31 0.250000 264
31 0.281250 183
31 0.312500 126
31 0.343750 87
31 0.375000 50
31 0.406250 9
31 0.437500 1
31 0.468750 0
31 0.500000 0
31 0.531250 0
31 0.562500 0
31 0.593750 7
31 0.625000 48
31 0.656250 96
31 0.687500 212
31 0.718750 304
31 0.750000 396
31 0.781250 552
31 0.812500 673
31 0.843750 705
31 0.875000 770
31 0.906250 849
31 0.937500 827
31 0.968750 803
32 0.000000 873
32 0.031250 867
32 0.062500 804
32 0.093750 681
32 0.125000 605
32 0.156250 503
32 0.187500 440
32 0.218750 329
32 0.250000 309
32 0.281250 199
32 0.312500 153
32 0.343750 84
32 0.375000 40
32 0.406250 13
32 0.437500 2
32 0.468750 0
32 0.500000 0
32 0.531250 0
32 0.562500 1
32 0.593750 11
32 0.625000 50
32 0.656250 128
32 0.687500 205
32 0.718750 321
32 0.750000 435
32 0.781250 585
32 0.812500 704
32 0.843750 760
32 0.875000 852
32 0.906250 946
32 0.937500 943
32 0.968750 945
33 0.000000 949
33 0.031250 911
33 0.062500 840
33 0.093750 762
33 0.125000 668
33 0.156250 582
33 0.187500 482
33 0.218750 397
33 0.250000 286
33 0.281250 216
33 0.312500 156
33 0.343750 100
33 0.375000 45
33 0.406250 33
33 0.437500 0
33 0.468750 0
33 0.500000 0
33 0.531250 0
33 0.562500 0
33 0.593750 13
33 0.625000 52
33 0.656250 143
33 0.687500 208
33 0.718750 366
33 0.750000 504
33 0.781250 653
33 0.812500 757
33 0.843750 909
33 0.875000 935
33 0.906250 956
33 0.937500 1021
33 0.968750 1034
34 0.000000 1020
34 0.031250 1033
34 0.062500 933
34 0.093750 840
34 0.125000 773
34 0.156250 603
34 0.187500 518
34 0.218750 418
34 0.250000 321
34 0.281250 262
34 0.312500 169
34 0.343750 118
34 0.375000 51
34 0.406250 22
34 0.437500 4
34 0.468750 0
34 0.500000 0
34 0.531250 0
34 0.562500 1
34 0.593750 16
34 0.625000 53
34 0.656250 140
34 0.687500 233
34 0.718750 366
34 0.750000 538
34 0.781250 663
34 0.812500 823
34 0.843750 911
34 0.875000 1046
34 0.906250 1135
34 0.937500 1084
34 0.968750 1096
35 0.000000 1070
35 0.031250 1077
35 0.062500 1005
35 0.093750 908
35 0.125000 741
35 0.156250 656
35 0.187500 536
35 0.218750 404
35 0.250000 341
35 0.281250 249
35 0.312500 194
35 0.343750 94
35 0.375000 53
35 0.406250 17
35 0.437500 2
35 0.468750 0
35 0.500000 0
35 0.531250 0
35 0.562500 1
35 0.593750 23
35 0.625000 52
35 0.656250 135
35 0.687500 249
35 0.718750 396
35 0.750000 574
35 0.781250 734
35 0.812500 902
35 0.843750 1030
35 0.875000 1124
35 0.906250 1152
35 0.937500 1188
35 0.968750 1205
36 0.000000 1233
36 0.031250 1206
36 0.062500 1129
36 0.093750 989
36 0.125000 824
36 0.156250 680
36 0.187500 604
36 0.218750 502
36 0.250000 351
36 0.281250 271
36 0.312500 197
36 0.343750 110
36 0.375000 68
36 0.406250 26
36 0.437500 4
36 0.468750 0
36 0.500000 0
36 0.531250 0
36 0.562500 0
36 0.593750 24
36 0.625000 58
36 0.656250 172
36 0.687500 270
36 0.718750 432
36 0.750000 598
36 0.781250 781
36 0.812500 963
36 0.843750 1113
36 0.875000 1107
36 0.906250 1300
36 0.937500 1263
36 0.968750 1188
37 0.000000 1285
37 0.031250 1151
37 0.062500 1158
37 0.093750 1008
37 0.125000 805
37 0.156250 739
37 0.187500 623
37 0.218750 502
37 0.250000 365
37 0.281250 278
37 0.312500 197
37 0.343750 140
37 0.375000 68
37 0.406250 25
37 0.437500 3
37 0.468750 0
37 0.500000 0
37 0.531250 0
37 0.562500 1
37 0.593750 14
37 0.625000 78
37 0.656250 194
37 0.687500 304
37 0.718750 460
37 0.750000 637
37 0.781250 782
37 0.812500 965
37 0.843750 1076
37 0.875000 1265
37 0.906250 1314
37 0.937500 1400
37 0.968750 1307
38 0.000000 1309
38 0.031250 1218
38 0.062500 1145
38 0.093750 1018
38 0.125000 849
38 0.156250 722
38 0.187500 591
38 0.218750 485
38 0.250000 368
38 0.281250 274
38 0.312500 189
38 0.343750 135
38 0.375000 70
38 0.406250 35
38 0.437500 7
38 0.468750 0
38 0.500000 0
38 0.531250 0
38 0.562500 2
38 0.593750 15
38 0.625000 70
38 0.656250 173
38 0.687500 300
38 0.718750 497
38 0.750000 683
38 0.781250 816
38 0.812500 1031
38 0.843750 1115
38 0.875000 1191
38 0.906250 1367
38 0.937500 1433
38 0.968750 1427
39 0.000000 1371
39 0.031250 1274
39 0.062500 1221
39 0.093750 1162
39 0.125000 935
39 0.156250 821
39 0.187500 667
39 0.218750 552
39 0.250000 416
39 0.281250 301
39 0.312500 212
39 0.343750 120
39 0.375000 87
39 0.406250 24
39 0.437500 3
39 0.468750 0
39 0.500000 0
39 0.531250 0
39 0.562500 2
39 0.593750 18
39 0.625000 67
39 0.656250 164
39 0.687500 326
39 0.718750 481
39 0.750000 713
39 0.781250 911
39 0.812500 1100
39 0.843750 1203
39 0.875000 1354
39 0.906250 1393
39 0.937500 1524
39 0.968750 1342
40 0.000000 1457
40 0.031250 1372
40 0.062500 1286
40 0.093750 1135
40 0.125000 986
40 0.156250 807
40 0.187500 701
40 0.218750 528
40 0.250000 421
40 0.281250 305
40 0.312500 237
40 0.343750 145
40 0.375000 69
40 0.406250 30
40 0.437500 2
40 0.468750 0
40 0.500000 0
40 0.531250 0
40 0.562500 0
40 0.593750 16
40 0.625000 73
40 0.656250 181
40 0.687500 295
40 0.718750 502
40 0.750000 742
40 0.781250 887
40 0.812500 1201
40 0.843750 1217
40 0.875000 1326
40 0.906250 1477
40 0.937500 1489
40 0.968750 1471
41 0.000000 1561
41 0.031250 1366
41 0.062500 1279
41 0.093750 1114
41 0.125000 1047
41 0.156250 953
41 0.187500 748
41 0.218750 599
41 0.250000 435
41 0.281250 355
41 0.312500 187
41 0.343750 145
41 0.375000 62
41 0.406250 29
41 0.437500 5
41 0.468750 0
41 0.500000 0
41 0.531250 0
41 0.562500 2
41 0.593750 22
41 0.625000 77
41 0.656250 194
41 0.687500 325
41 0.718750 518
41 0.750000 794
41 0.781250 987
41 0.812500 1189
41 0.843750 1296
41 0.875000 1450
41 0.906250 1514
41 0.937500 1606
41 0.968750 1611
42 0.000000 1554
42 0.031250 1531
42 0.062500 1381
42 0.093750 1203
42 0.125000 1077
42 0.156250 874
42 0.187500 776
42 0.218750 599
42 0.250000 438
42 0.281250 337
42 0.312500 241
42 0.343750 156
42 0.375000 74
42 0.406250 32
42 0.437500 5
42 0.468750 1
42 0.500000 0
42 0.531250 0
42 0.562500 1
42 0.593750 26
42 0.625000 85
42 0.656250 178
42 0.687500 362
42 0.718750 609
42 0.750000 770
42 0.781250 1005
42 0.812500 1192
42 0.843750 1425
42 0.875000 1506
42 0.906250 1613
42 0.937500 1654
42 0.968750 1576
43 0.000000 1687
43 0.031250 1525
43 0.062500 1432
43 0.093750 1371
43 0.125000 1128
43 0.156250 934
43 0.187500 767
43 0.218750 613
43 0.250000 482
43 0.281250 382
43 0.312500 282
43 0.343750 165
43 0.375000 75
43 0.406250 27
43 0.437500 5
43 0.468750 0
43 0.500000 0
43 0.531250 0
43 0.562500 4
43 0.593750 20
43 0.625000 77
43 0.656250 185
43 0.687500 371
43 0.718750 565
43 0.750000 786
43 0.781250 1038
43 0.812500 1344
43 0.843750 1503
43 0.875000 1601
43 0.906250 1672
43 0.937500 1801
43 0.968750 1703
44 0.000000 1750
44 0.031250 1571
44 0.062500 1464
44 0.093750 1327
44 0.125000 1212
44 0.156250 1015
44 0.187500 827
44 0.218750 661
44 0.250000 460
44 0.281250 362
44 0.312500 236
44 0.343750 142
44 0.375000 89
44 0.406250 31
44 0.437500 11
44 0.468750 0
44 0.500000 0
44 0.531250 0
44 0.562500 1
44 0.593750 20
44 0.625000 86
44 0.656250 213
44 0.687500 391
44 0.718750 586
44 0.750000 812
44 0.781250 1082
44 0.812500 1357
44 0.843750 1593
44 0.875000 1667
44 0.906250 1781
44 0.937500 1817
44 0.968750 1734
45 0.000000 1778
45 0.031250 1716
45 0.062500 1487
45 0.093750 1410
45 0.125000 1182
45 0.156250 1023
45 0.187500 877
45 0.218750 664
45 0.250000 513
45 0.281250 418
45 0.312500 253
45 0.343750 167
45 0.375000 75
45 0.406250 34
45 0.437500 5
45 0.468750 0
45 0.500000 0
45 0.531250 0
45 0.562500 4
45 0.593750 14
45 0.625000 100
45 0.656250 251
45 0.687500 405
45 0.718750 614
45 0.750000 846
45 0.781250 1090
45 0.812500 1303
45 0.843750 1507
45 0.875000 1714
45 0.906250 1798
45 0.937500 1888
45 0.968750 1851
46 0.000000 1931
46 0.031250 1650
46 0.062500 1618
46 0.093750 1397
46 0.125000 1231
46 0.156250 1080
46 0.187500 935
46 0.218750 670
46 0.250000 536
46 0.281250 407
46 0.312500 277
46 0.343750 183
46 0.375000 84
46 0.406250 28
46 0.437500 4
46 0.468750 0
46 0.500000 0
46 0.531250 0
46 0.562500 5
46 0.593750 26
46 0.625000 75
46 0.656250 237
46 0.687500 443
46 0.718750 644
46 0.750000 870
46 0.781250 1149
46 0.812500 1393
46 0.843750 1632
46 0.875000 1815
46 0.906250 1909
46 0.937500 1929
46 0.968750 1991
47 0.000000 1871
47 0.031250 1797
47 0.062500 1615
47 0.093750 1469
47 0.125000 1300
47 0.156250 1128
47 0.187500 876
47 0.218750 715
47 0.250000 510
47 0.281250 369
47 0.312500 281
47 0.343750 164
47 0.375000 80
47 0.406250 31
47 0.437500 7
47 0.468750 0
47 0.500000 0
47 0.531250 0
47 0.562500 2
47 0.593750 16
47 0.625000 106
47 0.656250 216
47 0.687500 439
47 0.718750 647
47 0.750000 972
47 0.781250 1224
47 0.812500 1516
47 0.843750 1656
47 0.875000 1887
47 0.906250 1952
47 0.937500 1945
47 0.968750 1947
48 0.000000 1925
48 0.031250 1875
48 0.062500 1777
48 0.093750 1459
48 0.125000 1316
48 0.156250 1113
48 0.187500 973
48 0.218750 758
48 0.250000 546
48 0.281250 408
48 0.312500 294
48 0.343750 189
48 0.375000 102
48 0.406250 29
48 0.437500 5
48 0.468750 0
48 0.500000 0
48 0.531250 0
48 0.562500 1
48 0.593750 19
48 0.625000 108
48 0.656250 215
48 0.687500 438
48 0.718750 679
48 0.750000 960
48 0.781250 1229
48 0.812500 1459
48 0.843750 1698
48 0.875000 1985
48 0.906250 2049
48 0.937500 2078
48 0.968750 1964
49 0.000000 1972
49 0.031250 1834
49 0.062500 1779
49 0.093750 1565
49 0.125000 1369
49 0.156250 1099
49 0.187500 950
49 0.218750 747
49 0.250000 527
49 0.281250 426
49 0.312500 264
49 0.343750 184
49 0.375000 85
49 0.406250 41
49 0.437500 5
49 0.468750 0
49 0.500000 0
49 0.531250 0
49 0.562500 2
49 0.593750 23
49 0.625000 110
49 0.656250 278
49 0.687500 439
49 0.718750 696
49 0.750000 982
49 0.781250 1278
49 0.812500 1541
49 0.843750 1821
49 0.875000 1997
49 0.906250 2034
49 0.937500 2143
49 0.968750 1997
50 0.000000 2104
50 0.031250 1872
50 0.062500 1758
50 0.093750 1572
50 0.125000 1325
50 0.156250 1146
50 0.187500 991
50 0.218750 782
50 0.250000 560
50 0.281250 439
50 0.312500 292
50 0.343750 175
50 0.375000 87
50 0.406250 34
50 0.437500 4
50 0.468750 1
50 0.500000 0
50 0.531250 0
50 0.562500 0
50 0.593750 27
50 0.625000 104
50 0.656250 251
50 0.687500 439
50 0.718750 683
50 0.750000 1026
50 0.781250 1310
50 0.812500 1507
50 0.843750 1765
50 0.875000 2030
50 0.906250 2109
50 0.937500 2154
50 0.968750 2080
51 0.000000 2152
51 0.031250 1892
51 0.062500 1759
51 0.093750 1556
51 0.125000 1409
51 0.156250 1139
51 0.187500 946
51 0.218750 840
51 0.250000 597
51 0.281250 408
51 0.312500 298
51 0.343750 192
51 0.375000 87
51 0.406250 40
51 0.437500 7
51 0.468750 0
51 0.500000 0
51 0.531250 0
51 0.562500 0
51 0.593750 16
51 0.625000 113
51 0.656250 249
51 0.687500 457
51 0.718750 706
51 0.750000 971
51 0.781250 1276
51 0.812500 1704
51 0.843750 1785
51 0.875000 1979
51 0.906250 1991
51 0.937500 2157
51 0.968750 2081
52 0.000000 2063
52 0.031250 1920
52 0.062500 1757
52 0.093750 1655
52 0.125000 1389
52 0.156250 1152
52 0.187500 963
52 0.218750 751
52 0.250000 588
52 0.281250 427
52 0.312500 296
52 0.343750 179
52 0.375000 95
52 0.406250 35
52 0.437500 2
52 0.468750 0
52 0.500000 0
52 0.531250 0
52 0.562500 2
52 0.593750 21
52 0.625000 107
52 0.656250 235
52 0.687500 469
52 0.718750 713
52 0.750000 989
52 0.781250 1338
52 0.812500 1642
52 0.843750 1824
52 0.875000 2018
52 0.906250 2167
52 0.937500 2151
52 0.968750 2117
53 0.000000 2102
53 0.031250 2010
53 0.062500 1806
53 0.093750 1614
53 0.125000 1350
53 0.156250 1167
53 0.187500 987
53 0.218750 790
53 0.250000 599
53 0.281250 449
53 0.312500 296
53 0.343750 179
53 0.375000 93
53 0.406250 42
53 0.437500 6
53 0.468750 0
53 0.500000 0
53 0.531250 0
53 0.562500 0
53 0.593750 26
53 0.625000 109
53 0.656250 246
53 0.687500 469
53 0.718750 748
53 0.750000 1055
53 0.781250 1321
53 0.812500 1568
53 0.843750 1854
53 0.875000 2088
53 0.906250 2174
53 0.937500 2174
53 0.968750 2123
54 0.000000 2129
54 0.031250 2030
54 0.062500 1781
54 0.093750 1683
54 0.125000 1410
54 0.156250 1240
54 0.187500 957
54 0.218750 781
54 0.250000 595
54 0.281250 435
54 0.312500 286
54 0.343750 170
54 0.375000 115
54 0.406250 27
54 0.437500 5
54 0.468750 0
54 0.500000 0
54 0.531250 0
54 0.562500 0
54 0.593750 27
54 0.625000 94
54 0.656250 260
54 0.687500 433
54 0.718750 731
54 0.750000 1039
54 0.781250 1380
54 0.812500 1693
54 0.843750 1903
54 0.875000 2058
54 0.906250 2245
54 0.937500 2233
54 0.968750 2111
55 0.000000 2147
55 0.031250 2025
55 0.062500 1898
55 0.093750 1616
55 0.125000 1461
55 0.156250 1205
55 0.187500 900
55 0.218750 786
55 0.250000 575
55 0.281250 440
55 0.312500 327
55 0.343750 172
55 0.375000 97
55 0.406250 30
55 0.437500 7
55 0.468750 0
55 0.500000 0
55 0.531250 0
55 0.562500 4
55 0.593750 19
55 0.625000 105
55 0.656250 256
55 0.687500 518
55 0.718750 744
55 0.750000 1069
55 0.781250 1391
55 0.812500 1623
55 0.843750 1876
55 0.875000 2063
55 0.906250 2191
55 0.937500 2272
55 0.968750 2256
56 0.000000 2278
56 0.031250 2100
56 0.062500 1936
56 0.093750 1618
56 0.125000 1496
56 0.156250 1237
56 0.187500 1028
56 0.218750 834
56 0.250000 579
56 0.281250 474
56 0.312500 287
56 0.343750 203
56 0.375000 87
56 0.406250 40
56 0.437500 2
56 0.468750 0
56 0.500000 0
56 0.531250 0
56 0.562500 1
56 0.593750 25
56 0.625000 97
56 0.656250 297
56 0.687500 486
56 0.718750 767
56 0.750000 1044
56 0.781250 1424
56 0.812500 1673
56 0.843750 1923
56 0.875000 2173
56 0.906250 2198
56 0.937500 2297
56 0.968750 2373
57 0.000000 2218
57 0.031250 2115
57 0.062500 1860
57 0.093750 1620
57 0.125000 1470
57 0.156250 1279
57 0.187500 1031
57 0.218750 776
57 0.250000 603
57 0.281250 466
57 0.312500 324
57 0.343750 175
57 0.375000 104
57 0.406250 51
57 0.437500 3
57 0.468750 1
57 0.500000 0
57 0.531250 0
57 0.562500 0
57 0.593750 23
57 0.625000 111
57 0.656250 242
57 0.687500 479
57 0.718750 770
57 0.750000 1022
57 0.781250 1412
57 0.812500 1702
57 0.843750 2041
57 0.875000 2166
57 0.906250 2280
57 0.937500 2302
57 0.968750 2316
58 0.000000 2245
58 0.031250 2156
58 0.062500 1902
58 0.093750 1769
58 0.125000 1530
58 0.156250 1376
58 0.187500 1039
58 0.218750 840
58 0.250000 624
58 0.281250 456
58 0.312500 319
58 0.343750 200
58 0.375000 96
58 0.406250 49
58 0.437500 11
58 0.468750 0
58 0.500000 0
58 0.531250 0
58 0.562500 0
58 0.593750 12
58 0.625000 108
58 0.656250 296
58 0.687500 485
58 0.718750 790
58 0.750000 1100
58 0.781250 1478
58 0.812500 1706
58 0.843750 2065
58 0.875000 2208
58 0.906250 2301
58 0.937500 2378
58 0.968750 2381
59 0.000000 2438
59 0.031250 2218
59 0.062500 1978
59 0.093750 1716
59 0.125000 1525
59 0.156250 1258
59 0.187500 1075
59 0.218750 840
59 0.250000 656
59 0.281250 467
59 0.312500 340
59 0.343750 168
59 0.375000 103
59 0.406250 28
59 0.437500 8
59 0.468750 0
59 0.500000 0
59 0.531250 0
59 0.562500 4
59 0.593750 13
59 0.625000 130
59 0.656250 278
59 0.687500 503
59 0.718750 784
59 0.750000 1074
59 0.781250 1505
59 0.812500 1818
59 0.843750 2092
59 0.875000 2282
59 0.906250 2468
59 0.937500 2448
59 0.968750 2455
60 0.000000 2420
60 0.031250 2155
60 0.062500 2107
60 0.093750 1874
60 0.125000 1551
60 0.156250 1296
60 0.187500 1101
60 0.218750 826
60 0.250000 623
60 0.281250 497
60 0.312500 308
60 0.343750 222
60 0.375000 103
60 0.406250 38
60 0.437500 11
60 0.468750 0
60 0.500000 0
60 0.531250 0
60 0.562500 2
60 0.593750 23
60 0.625000 107
60 0.656250 269
60 0.687500 478
60 0.718750 797
60 0.750000 1179
60 0.781250 1468
60 0.812500 1796
60 0.843750 2115
60 0.875000 2288
60 0.906250 2397
60 0.937500 2580
60 0.968750 2530
61 0.000000 2488
61 0.031250 2349
61 0.062500 2094
61 0.093750 1925
61 0.125000 1578
61 0.156250 1311
61 0.187500 1136
61 0.218750 923
61 0.250000 689
61 0.281250 500
61 0.312500 315
61 0.343750 199
61 0.375000 130
61 0.406250 47
61 0.437500 5
61 0.468750 0
61 0.500000 0
61 0.531250 0
61 0.562500 2
61 0.593750 19
61 0.625000 113
61 0.656250 312
61 0.687500 530
61 0.718750 872
61 0.750000 1109
61 0.781250 1468
61 0.812500 1928
61 0.843750 2081
61 0.875000 2327
61 0.906250 2526
61 0.937500 2599
61 0.968750 2516
62 0.000000 2516
62 0.031250 2444
62 0.062500 2184
62 0.093750 1930
62 0.125000 1718
62 0.156250 1377
62 0.187500 1132
62 0.218750 888
62 0.250000 660
62 0.281250 548
62 0.312500 340
62 0.343750 202
62 0.375000 108
62 0.406250 33
62 0.437500 11
62 0.468750 0
62 0.500000 0
62 0.531250 0
62 0.562500 0
62 0.593750 20
62 0.625000 123
62 0.656250 315
62 0.687500 541
62 0.718750 855
62 0.750000 1194
62 0.781250 1578
62 0.812500 1886
62 0.843750 2216
62 0.875000 2435
62 0.906250 2585
62 0.937500 2629
62 0.968750 2561
63 0.000000 2614
63 0.031250 2469
63 0.062500 2117
63 0.093750 1969
63 0.125000 1657
63 0.156250 1466
63 0.187500 1151
63 0.218750 933
63 0.250000 718
63 0.281250 495
63 0.312500 340
63 0.343750 218
63 0.375000 92
63 0.406250 55
63 0.437500 7
63 0.468750 0
63 0.500000 0
63 0.531250 0
63 0.562500 2
63 0.593750 27
63 0.625000 107
63 0.656250 299
63 0.687500 531
63 0.718750 844
63 0.750000 1288
63 0.781250 1636
63 0.812500 1941
63 0.843750 2260
63 0.875000 2531
63 0.906250 2759
63 0.937500 2821
63 0.968750 2703
64 0.000000 2701
64 0.031250 2469
64 0.062500 2200
64 0.093750 2057
64 0.125000 1725
64 0.156250 1451
64 0.187500 1188
64 0.218750 960
64 0.250000 736
64 0.281250 553
64 0.312500 357
64 0.343750 222
64 0.375000 102
64 0.406250 36
64 0.437500 6
64 0.468750 0
64 0.500000 0
64 0.531250 0
64 0.562500 3
64 0.593750 14
64 0.625000 116
64 0.656250 337
64 0.687500 579
64 0.718750 918
64 0.750000 1272
64 0.781250 1697
64 0.812500 2056
64 0.843750 2384
64 0.875000 2601
64 0.906250 2730
64 0.937500 2759
64 0.968750 2807
65 0.000000 2660
65 0.031250 2570
65 0.062500 2267
65 0.093750 1973
65 0.125000 1789
65 0.156250 1514
65 0.187500 1181
65 0.218750 967
65 0.250000 700
65 0.281250 545
65 0.312500 383
65 0.343750 228
65 0.375000 118
65 0.406250 39
65 0.437500 6
65 0.468750 0
65 0.500000 0
65 0.531250 0
65 0.562500 3
65 0.593750 28
65 0.625000 137
65 0.656250 322
65 0.687500 565
65 0.718750 912
65 0.750000 1305
65 0.781250 1652
65 0.812500 1969
65 0.843750 2432
65 0.875000 2651
65 0.906250 2792
65 0.937500 2827
65 0.968750 2832
66 0.000000 2733
66 0.031250 2550
66 0.062500 2346
66 0.093750 2077
66 0.125000 1829
66 0.156250 1447
66 0.187500 1232
66 0.218750 968
66 0.250000 778
66 0.281250 546
66 0.312500 370
66 0.343750 200
66 0.375000 100
66 0.406250 35
66 0.437500 4
66 0.468750 0
66 0.500000 0
66 0.531250 0
66 0.562500 1
66 0.593750 32
66 0.625000 138
66 0.656250 319
66 0.687500 569
66 0.718750 938
66 0.750000 1307
66 0.781250 1690
66 0.812500 2151
66 0.843750 2421
66 0.875000 2766
66 0.906250 2821
66 0.937500 2871
66 0.968750 2749
67 0.000000 2872
67 0.031250 2699
67 0.062500 2334
67 0.093750 2078
67 0.125000 1825
67 0.156250 1514
67 0.187500 1243
67 0.218750 1031
67 0.250000 771
67 0.281250 537
67 0.312500 371
67 0.343750 247
67 0.375000 119
67 0.406250 37
67 0.437500 10
67 0.468750 0
67 0.500000 0
67 0.531250 0
67 0.562500 2
67 0.593750 35
67 0.625000 116
67 0.656250 316
67 0.687500 542
67 0.718750 953
67 0.750000 1344
67 0.781250 1733
67 0.812500 2154
67 0.843750 2467
67 0.875000 2725
67 0.906250 2920
67 0.937500 2919
67 0.968750 2938
68 0.000000 2864
68 0.031250 2717
68 0.062500 2462
68 0.093750 2173
68 0.125000 1860
68 0.156250 1611
68 0.187500 1231
68 0.218750 1029
68 0.250000 840
68 0.281250 512
68 0.312500 400
68 0.343750 219
68 0.375000 130
68 0.406250 35
68 0.437500 8
68 0.468750 0
68 0.500000 0
68 0.531250 0
68 0.562500 2
68 0.593750 29
68 0.625000 124
68 0.656250 303
68 0.687500 605
68 0.718750 1019
68 0.750000 1371
68 0.781250 1800
68 0.812500 2228
68 0.843750 2464
68 0.875000 2878
68 0.906250 3020
68 0.937500 3059
68 0.968750 2957
69 0.000000 2948
69 0.031250 2798
69 0.062500 2430
69 0.093750 2129
69 0.125000 1901
69 0.156250 1536
69 0.187500 1285
69 0.218750 1037
69 0.250000 785
69 0.281250 565
69 0.312500 386
69 0.343750 210
69 0.375000 138
69 0.406250 46
69 0.437500 7
69 0.468750 0
69 0.500000 0
69 0.531250 0
69 0.562500 2
69 0.593750 26
69 0.625000 153
69 0.656250 318
69 0.687500 610
69 0.718750 939
69 0.750000 1393
69 0.781250 1823
69 0.812500 2224
69 0.843750 2590
69 0.875000 2892
69 0.906250 3035
69 0.937500 3100
69 0.968750 3056
70 0.000000 3004
70 0.031250 2728
70 0.062500 2516
70 0.093750 2163
70 0.125000 1826
70 0.156250 1590
70 0.187500 1284
70 0.218750 1040
70 0.250000 781
70 0.281250 536
70 0.312500 373
70 0.343750 247
70 0.375000 138
70 0.406250 39
70 0.437500 9
70 0.468750 0
70 0.500000 0
70 0.531250 0
70 0.562500 3
70 0.593750 37
70 0.625000 131
70 0.656250 355
70 0.687500 643
70 0.718750 941
70 0.750000 1402
70 0.781250 1841
70 0.812500 2247
70 0.843750 2719
70 0.875000 2911
70 0.906250 3131
70 0.937500 2999
70 0.968750 3072
71 0.000000 3004
71 0.031250 2845
71 0.062500 2491
71 0.093750 2143
71 0.125000 1916
71 0.156250 1548
71 0.187500 1299
71 0.218750 1068
71 0.250000 763
71 0.281250 580
71 0.312500 370
71 0.343750 248
71 0.375000 121
71 0.406250 39
71 0.437500 13
71 0.468750 1
71 0.500000 0
71 0.531250 0
71 0.562500 1
71 0.593750 33
71 0.625000 131
71 0.656250 317
71 0.687500 660
71 0.718750 1027
71 0.750000 1472
71 0.781250 1892
71 0.812500 2283
71 0.843750 2689
71 0.875000 2943
71 0.906250 3132
71 0.937500 3244
71 0.968750 3128
72 0.000000 3093
72 0.031250 2823
72 0.062500 2616
72 0.093750 2263
72 0.125000 1999
72 0.156250 1635
72 0.187500 1338
72 0.218750 1129
72 0.250000 791
72 0.281250 577
72 0.312500 382
72 0.343750 229
72 0.375000 109
72 0.406250 57
72 0.437500 5
72 0.468750 1
72 0.500000 0
72 0.531250 0
72 0.562500 4
72 0.593750 34
72 0.625000 131
72 0.656250 355
72 0.687500 613
72 0.718750 942
72 0.750000 1335
72 0.781250 1918
72 0.812500 2289
72 0.843750 2694
72 0.875000 3069
72 0.906250 3170
72 0.937500 3329
72 0.968750 3315
73 0.000000 2964
73 0.031250 2966
73 0.062500 2650
73 0.093750 2325
73 0.125000 1995
73 0.156250 1620
73 0.187500 1412
73 0.218750 1052
73 0.250000 844
73 0.281250 572
73 0.312500 401
73 0.343750 254
73 0.375000 108
73 0.406250 58
73 0.437500 12
73 0.468750 0
73 0.500000 0
73 0.531250 0
73 0.562500 3
73 0.593750 30
73 0.625000 125
73 0.656250 344
73 0.687500 643
73 0.718750 1010
73 0.750000 1486
73 0.781250 1959
73 0.812500 2299
73 0.843750 2743
73 0.875000 3014
73 0.906250 3177
73 0.937500 3420
73 0.968750 3250
74 0.000000 3143
74 0.031250 2845
74 0.062500 2654
74 0.093750 2282
74 0.125000 2042
74 0.156250 1692
74 0.187500 1412
74 0.218750 1173
74 0.250000 821
74 0.281250 563
74 0.312500 386
74 0.343750 216
74 0.375000 128
74 0.406250 61
74 0.437500 8
74 0.468750 1
74 0.500000 0
74 0.531250 0
74 0.562500 2
74 0.593750 34
74 0.625000 148
74 0.656250 359
74 0.687500 608
74 0.718750 1064
74 0.750000 1500
74 0.781250 1986
74 0.812500 2383
74 0.843750 2821
74 0.875000 3070
74 0.906250 3306
74 0.937500 3292
74 0.968750 3212
75 0.000000 3224
75 0.031250 3045
75 0.062500 2775
75 0.093750 2324
75 0.125000 2034
75 0.156250 1705
75 0.187500 1320
75 0.218750 1086
75 0.250000 810
75 0.281250 582
75 0.312500 376
75 0.343750 260
75 0.375000 146
75 0.406250 58
75 0.437500 7
75 0.468750 0
75 0.500000 0
75 0.531250 0
75 0.562500 3
75 0.593750 41
75 0.625000 132
75 0.656250 341
75 0.687500 654
75 0.718750 1056
75 0.750000 1513
75 0.781250 1929
75 0.812500 2509
75 0.843750 2844
75 0.875000 3149
75 0.906250 3318
75 0.937500 3322
75 0.968750 3234
76 0.000000 3297
76 0.031250 2990
76 0.062500 2660
76 0.093750 2306
76 0.125000 2055
76 0.156250 1772
76 0.187500 1414
76 0.218750 1100
76 0.250000 818
76 0.281250 583
76 0.312500 342
76 0.343750 244
76 0.375000 130
76 0.406250 54
76 0.437500 7
76 0.468750 0
76 0.500000 0
76 0.531250 0
76 0.562500 1
76 0.593750 46
76 0.625000 128
76 0.656250 328
76 0.687500 676
76 0.718750 1104
76 0.750000 1549
76 0.781250 1899
76 0.812500 2516
76 0.843750 2786
76 0.875000 3121
76 0.906250 3334
76 0.937500 3455
76 0.968750 3332
77 0.000000 3260
77 0.031250 3010
77 0.062500 2725
77 0.093750 2381
77 0.125000 2076
77 0.156250 1664
77 0.187500 1378
77 0.218750 1094
77 0.250000 830
77 0.281250 562
77 0.312500 397
77 0.343750 250
77 0.375000 125
77 0.406250 61
77 0.437500 9
77 0.468750 0
77 0.500000 0
77 0.531250 0
77 0.562500 0
77 0.593750 40
77 0.625000 147
77 0.656250 377
77 0.687500 653
77 0.718750 1058
77 0.750000 1556
77 0.781250 2022
77 0.812500 2425
77 0.843750 2970
77 0.875000 3280
77 0.906250 3328
77 0.937500 3406
77 0.968750 3422
78 0.000000 3218
78 0.031250 3159
78 0.062500 2835
78 0.093750 2425
78 0.125000 2130
78 0.156250 1775
78 0.187500 1435
78 0.218750 1144
78 0.250000 867
78 0.281250 622
78 0.312500 408
78 0.343750 229
78 0.375000 120
78 0.406250 53
78 0.437500 13
78 0.468750 0
78 0.500000 0
78 0.531250 0
78 0.562500 4
78 0.593750 35
78 0.625000 176
78 0.656250 335
78 0.687500 713
78 0.718750 1083
78 0.750000 1498
78 0.781250 2037
78 0.812500 2560
78 0.843750 3008
78 0.875000 3175
78 0.906250 3284
78 0.937500 3419
78 0.968750 3375
79 0.000000 3262
79 0.031250 3215
79 0.062500 2796
79 0.093750 2489
79 0.125000 2146
79 0.156250 1774
79 0.187500 1355
79 0.218750 1150
79 0.250000 824
79 0.281250 661
79 0.312500 409
79 0.343750 256
79 0.375000 144
79 0.406250 55
79 0.437500 12
79 0.468750 0
79 0.500000 0
79 0.531250 0
79 0.562500 4
79 0.593750 24
79 0.625000 144
79 0.656250 370
79 0.687500 641
79 0.718750 1072
79 0.750000 1514
79 0.781250 2104
79 0.812500 2469
79 0.843750 2993
79 0.875000 3215
79 0.906250 3420
79 0.937500 3566
79 0.968750 3521
80 0.000000 3351
80 0.031250 3184
80 0.062500 2694
80 0.093750 2448
80 0.125000 2125
80 0.156250 1819
80 0.187500 1419
80 0.218750 1045
80 0.250000 825
80 0.281250 620
80 0.312500 414
80 0.343750 261
80 0.375000 131
80 0.406250 59
80 0.437500 11
80 0.468750 0
80 0.500000 0
80 0.531250 0
80 0.562500 2
80 0.593750 39
80 0.625000 130
80 0.656250 370
80 0.687500 702
80 0.718750 1099
80 0.750000 1635
80 0.781250 2006
80 0.812500 2638
80 0.843750 2926
80 0.875000 3212
80 0.906250 3456
80 0.937500 3546
80 0.968750 3526
81 0.000000 3505
81 0.031250 3118
81 0.062500 2854
81 0.093750 2528
81 0.125000 2039
81 0.156250 1790
81 0.187500 1454
81 0.218750 1155
81 0.250000 895
81 0.281250 617
81 0.312500 414
81 0.343750 259
81 0.375000 152
81 0.406250 52
81 0.437500 12
81 0.468750 0
81 0.500000 0
81 0.531250 0
81 0.562500 3
81 0.593750 37
81 0.625000 139
81 0.656250 367
81 0.687500 683
81 0.718750 1114
81 0.750000 1604
81 0.781250 2080
81 0.812500 2664
81 0.843750 2988
81 0.875000 3320
81 0.906250 3515
81 0.937500 3578
81 0.968750 3607
82 0.000000 3477
82 0.031250 3065
82 0.062500 2760
82 0.093750 2464
82 0.125000 2157
82 0.156250 1772
82 0.187500 1437
82 0.218750 1134
82 0.250000 914
82 0.281250 631
82 0.312500 426
82 0.343750 232
82 0.375000 117
82 0.406250 51
82 0.437500 10
82 0.468750 1
82 0.500000 0
82 0.531250 0
82 0.562500 4
82 0.593750 30
82 0.625000 163
82 0.656250 364
82 0.687500 703
82 0.718750 1119
82 0.750000 1656
82 0.781250 2152
82 0.812500 2693
82 0.843750 3076
82 0.875000 3344
82 0.906250 3592
82 0.937500 3619
82 0.968750 3513
83 0.000000 3381
83 0.031250 3198
83 0.062500 2873
83 0.093750 2551
83 0.125000 2138
83 0.156250 1808
83 0.187500 1500
83 0.218750 1174
83 0.250000 897
83 0.281250 597
83 0.312500 402
83 0.343750 256
83 0.375000 139
83 0.406250 53
83 0.437500 5
83 0.468750 0
83 0.500000 0
83 0.531250 0
83 0.562500 0
83 0.593750 38
83 0.625000 170
83 0.656250 361
83 0.687500 678
83 0.718750 1120
83 0.750000 1570
83 0.781250 2132
83 0.812500 2650
83 0.843750 3007
83 0.875000 3358
83 0.906250 3532
83 0.937500 3702
83 0.968750 3567
84 0.000000 3413
84 0.031250 3194
84 0.062500 2918
84 0.093750 2575
84 0.125000 2166
84 0.156250 1803
84 0.187500 1457
84 0.218750 1109
84 0.250000 833
84 0.281250 602
84 0.312500 442
84 0.343750 263
84 0.375000 113
84 0.406250 61
84 0.437500 11
84 0.468750 0
84 0.500000 0
84 0.531250 0
84 0.562500 5
84 0.593750 34
84 0.625000 146
84 0.656250 345
84 0.687500 716
84 0.718750 1180
84 0.750000 1615
84 0.781250 2164
84 0.812500 2642
84 0.843750 2974
84 0.875000 3375
84 0.906250 3604
84 0.937500 3600
84 0.968750 3667
85 0.000000 3541
85 0.031250 3208
85 0.062500 2916
85 0.093750 2593
85 0.125000 2184
85 0.156250 1831
85 0.187500 1540
85 0.218750 1208
85 0.250000 855
85 0.281250 599
85 0.312500 413
85 0.343750 218
85 0.375000 145
85 0.406250 48
85 0.437500 10
85 0.468750 1
85 0.500000 0
85 0.531250 0
85 0.562500 1
85 0.593750 54
85 0.625000 146
85 0.656250 346
85 0.687500 672
85 0.718750 1112
85 0.750000 1586
85 0.781250 2227
85 0.812500 2702
85 0.843750 3048
85 0.875000 3360
85 0.906250 3711
85 0.937500 3567
85 0.968750 3585
86 0.000000 3518
86 0.031250 3282
86 0.062500 3001
86 0.093750 2535
86 0.125000 2194
86 0.156250 1867
86 0.187500 1512
86 0.218750 1189
86 0.250000 892
86 0.281250 617
86 0.312500 458
86 0.343750 238
86 0.375000 134
86 0.406250 49
86 0.437500 18
86 0.468750 1
86 0.500000 0
86 0.531250 0
86 0.562500 4
86 0.593750 40
86 0.625000 153
86 0.656250 368
86 0.687500 745
86 0.718750 1095
86 0.750000 1637
86 0.781250 2145
86 0.812500 2640
86 0.843750 3157
86 0.875000 3437
86 0.906250 3669
86 0.937500 3715
86 0.968750 3690
87 0.000000 3464
87 0.031250 3282
87 0.062500 2969
87 0.093750 2616
87 0.125000 2246
87 0.156250 1881
87 0.187500 1490
87 0.218750 1136
87 0.250000 913
87 0.281250 590
87 0.312500 404
87 0.343750 264
87 0.375000 135
87 0.406250 54
87 0.437500 9
87 0.468750 0
87 0.500000 0
87 0.531250 0
87 0.562500 3
87 0.593750 32
87 0.625000 151
87 0.656250 393
87 0.687500 729
87 0.718750 1134
87 0.750000 1660
87 0.781250 2213
87 0.812500 2555
87 0.843750 3170
87 0.875000 3528
87 0.906250 3670
87 0.937500 3756
87 0.968750 3673
88 0.000000 3627
88 0.031250 3465
88 0.062500 2971
88 0.093750 2653
88 0.125000 2283
88 0.156250 1776
88 0.187500 1518
88 0.218750 1141
88 0.250000 850
88 0.281250 631
88 0.312500 421
88 0.343750 280
88 0.375000 134
88 0.406250 50
88 0.437500 13
88 0.468750 0
88 0.500000 0
88 0.531250 0
88 0.562500 3
88 0.593750 39
88 0.625000 159
88 0.656250 388
88 0.687500 679
88 0.718750 1111
88 0.750000 1655
88 0.781250 2190
88 0.812500 2749
88 0.843750 3158
88 0.875000 3411
88 0.906250 3789
88 0.937500 3792
88 0.968750 3680
89 0.000000 3488
89 0.031250 3307
89 0.062500 2926
89 0.093750 2644
89 0.125000 2239
89 0.156250 1951
89 0.187500 1492
89 0.218750 1174
89 0.250000 879
89 0.281250 622
89 0.312500 413
89 0.343750 248
89 0.375000 122
89 0.406250 55
89 0.437500 8
89 0.468750 2
89 0.500000 0
89 0.531250 0
89 0.562500 0
89 0.593750 30
89 0.625000 159
89 0.656250 356
89 0.687500 701
89 0.718750 1120
89 0.750000 1674
89 0.781250 2215
89 0.812500 2710
89 0.843750 3269
89 0.875000 3436
89 0.906250 3776
89 0.937500 3831
89 0.968750 3696
90 0.000000 3591
90 0.031250 3307
90 0.062500 3008
90 0.093750 2589
90 0.125000 2267
90 0.156250 1871
90 0.187500 1538
90 0.218750 1189
90 0.250000 838
90 0.281250 617
90 0.312500 430
90 0.343750 280
90 0.375000 129
90 0.406250 43
90 0.437500 11
90 0.468750 0
90 0.500000 0
90 0.531250 0
90 0.562500 4
90 0.593750 44
90 0.625000 159
90 0.656250 379
90 0.687500 666
90 0.718750 1152
90 0.750000 1607
90 0.781250 2214
90 0.812500 2728
90 0.843750 3237
90 0.875000 3575
90 0.906250 3700
90 0.937500 3824
90 0.968750 3840
91 0.000000 3551
91 0.031250 3306
91 0.062500 3058
91 0.093750 2595
91 0.125000 2244
91 0.156250 1951
91 0.187500 1535
91 0.218750 1196
91 0.250000 855
91 0.281250 649
91 0.312500 404
91 0.343750 272
91 0.375000 140
91 0.406250 56
91 0.437500 7
91 0.468750 0
91 0.500000 0
91 0.531250 0
91 0.562500 2
91 0.593750 42
91 0.625000 167
91 0.656250 377
91 0.687500 693
91 0.718750 1134
91 0.750000 1654
91 0.781250 2270
91 0.812500 2672
91 0.843750 3253
91 0.875000 3484
91 0.906250 3743
91 0.937500 3889
91 0.968750 3756
92 0.000000 3640
92 0.031250 3400
92 0.062500 3012
92 0.093750 2724
92 0.125000 2151
92 0.156250 1822
92 0.187500 1602
92 0.218750 1198
92 0.250000 957
92 0.281250 622
92 0.312500 440
92 0.343750 296
92 0.375000 141
92 0.406250 48
92 0.437500 13
92 0.468750 0
92 0.500000 0
92 0.531250 0
92 0.562500 3
92 0.593750 39
92 0.625000 153
92 0.656250 384
92 0.687500 707
92 0.718750 1161
92 0.750000 1601
92 0.781250 2221
92 0.812500 2796
92 0.843750 3166
92 0.875000 3634
92 0.906250 3815
92 0.937500 3809
92 0.968750 3860
93 0.000000 3607
93 0.031250 3381
93 0.062500 3088
93 0.093750 2781
93 0.125000 2306
93 0.156250 1944
93 0.187500 1508
93 0.218750 1162
93 0.250000 890
93 0.281250 642
93 0.312500 438
93 0.343750 251
93 0.375000 136
93 0.406250 39
93 0.437500 11
93 0.468750 1
93 0.500000 0
93 0.531250 0
93 0.562500 5
93 0.593750 38
93 0.625000 165
93 0.656250 381
93 0.687500 739
93 0.718750 1172
93 0.750000 1620
93 0.781250 2277
93 0.812500 2704
93 0.843750 3232
93 0.875000 3610
93 0.906250 3826
93 0.937500 3958
93 0.968750 3896
94 0.000000 3680
94 0.031250 3366
94 0.062500 3049
94 0.093750 2681
94 0.125000 2213
94 0.156250 1925
94 0.187500 1517
94 0.218750 1187
94 0.250000 901
94 0.281250 643
94 0.312500 432
94 0.343750 257
94 0.375000 158
94 0.406250 57
94 0.437500 10
94 0.468750 0
94 0.500000 0
94 0.531250 0
94 0.562500 3
94 0.593750 39
94 0.625000 159
94 0.656250 352
94 0.687500 707
94 0.718750 1108
94 0.750000 1696
94 0.781250 2250
94 0.812500 2758
94 0.843750 3290
94 0.875000 3658
94 0.906250 3794
94 0.937500 3846
94 0.968750 3850
95 0.000000 3701
95 0.031250 3422
95 0.062500 3011
95 0.093750 2706
95 0.125000 2273
95 0.156250 1887
95 0.187500 1530
95 0.218750 1238
95 0.250000 858
95 0.281250 670
95 0.312500 438
95 0.343750 270
95 0.375000 123
95 0.406250 70
95 0.437500 7
95 0.468750 0
95 0.500000 0
95 0.531250 0
95 0.562500 4
95 0.593750 38
95 0.625000 141
95 0.656250 397
95 0.687500 713
95 0.718750 1181
95 0.750000 1693
95 0.781250 2278
95 0.812500 2781
95 0.843750 3265
95 0.875000 3678
95 0.906250 3851
95 0.937500 3955
95 0.968750 3896
96 0.000000 3721
96 0.031250 3377
96 0.062500 3103
96 0.093750 2738
96 0.125000 2180
96 0.156250 1915
96 0.187500 1553
96 0.218750 1184
96 0.250000 866
96 0.281250 632
96 0.312500 425
96 0.343750 272
96 0.375000 145
96 0.406250 59
96 0.437500 10
96 0.468750 0
96 0.500000 0
96 0.531250 0
96 0.562500 7
96 0.593750 36
96 0.625000 154
96 0.656250 424
96 0.687500 757
96 0.718750 1155
96 0.750000 1779
96 0.781250 2232
96 0.812500 2869
96 0.843750 3389
96 0.875000 3715
96 0.906250 3849
96 0.937500 3983
96 0.968750 4035
97 0.000000 3694
97 0.031250 3478
97 0.062500 2996
97 0.093750 2656
97 0.125000 2292
97 0.156250 1914
97 0.187500 1533
97 0.218750 1208
97 0.250000 885
97 0.281250 646
97 0.312500 436
97 0.343750 276
97 0.375000 144
97 0.406250 42
97 0.437500 13
97 0.468750 1
97 0.500000 0
97 0.531250 0
97 0.562500 1
97 0.593750 41
97 0.625000 162
97 0.656250 374
97 0.687500 738
97 0.718750 1204
97 0.750000 1602
97 0.781250 2266
97 0.812500 2957
97 0.843750 3266
97 0.875000 3752
97 0.906250 3923
97 0.937500 3829
97 0.968750 3833
98 0.000000 3628
98 0.031250 3403
98 0.062500 3070
98 0.093750 2702
98 0.125000 2337
98 0.156250 1917
98 0.187500 1510
98 0.218750 1194
98 0.250000 883
98 0.281250 638
98 0.312500 451
98 0.343750 271
98 0.375000 155
98 0.406250 55
98 0.437500 8
98 0.468750 1
98 0.500000 0
98 0.531250 0
98 0.562500 2
98 0.593750 45
98 0.625000 164
98 0.656250 388
98 0.687500 739
98 0.718750 1192
98 0.750000 1718
98 0.781250 2251
98 0.812500 2808
98 0.843750 3324
98 0.875000 3712
98 0.906250 3876
98 0.937500 3940
98 0.968750 3919
99 0.000000 3694
99 0.031250 3479
99 0.062500 3090
99 0.093750 2730
99 0.125000 2325
99 0.156250 1852
99 0.187500 1494
99 0.218750 1206
99 0.250000 914
99 0.281250 659
99 0.312500 443
99 0.343750 256
99 0.375000 137
99 0.406250 59
99 0.437500 3
99 0.468750 0
99 0.500000 0
99 0.531250 0
99 0.562500 2
99 0.593750 41
99 0.625000 165
99 0.656250 381
99 0.687500 738
99 0.718750 1204
99 0.750000 1662
99 0.781250 2390
99 0.812500 2818
99 0.843750 3331
99 0.875000 3748
99 0.906250 3849
99 0.937500 3945
99 0.968750 3895
100 0.000000 3788
100 0.031250 3406
100 0.062500 3164
100 0.093750 2694
100 0.125000 2262
100 0.156250 1945
100 0.187500 1544
100 0.218750 1187
100 0.250000 878
100 0.281250 666
100 0.312500 406
100 0.343750 303
100 0.375000 137
100 0.406250 59
100 0.437500 8
100 0.468750 0
100 0.500000 0
100 0.531250 0
100 0.562500 4
100 0.593750 38
100 0.625000 146
100 0.656250 339
100 0.687500 687
100 0.718750 1181
100 0.750000 1662
100 0.781250 2252
100 0.812500 2865
100 0.843750 3339
100 0.875000 3735
100 0.906250 4039
100 0.937500 4042
100 0.968750 3860
101 0.000000 3739
101 0.031250 3439
101 0.062500 3092
101 0.093750 2759
101 0.125000 2265
101 0.156250 1905
101 0.187500 1550
101 0.218750 1223
101 0.250000 871
101 0.281250 623
101 0.312500 421
101 0.343750 235
101 0.375000 152
101 0.406250 63
101 0.437500 20
101 0.468750 0
101 0.500000 0
101 0.531250 0
101 0.562500 5
101 0.593750 35
101 0.625000 158
101 0.656250 402
101 0.687500 741
101 0.718750 1154
101 0.750000 1737
101 0.781250 2311
101 0.812500 2765
101 0.843750 3320
101 0.875000 3728
101 0.906250 3859
101 0.937500 4005
101 0.968750 3866
102 0.000000 3679
102 0.031250 3447
102 0.062500 3142
102 0.093750 2709
102 0.125000 2314
102 0.156250 1935
102 0.187500 1562
102 0.218750 1239
102 0.250000 923
102 0.281250 659
102 0.312500 431
102 0.343750 251
102 0.375000 144
102 0.406250 39
102 0.437500 9
102 0.468750 0
102 0.500000 0
102 0.531250 0
102 0.562500 4
102 0.593750 29
102 0.625000 152
102 0.656250 410
102 0.687500 743
102 0.718750 1225
102 0.750000 1747
102 0.781250 2266
102 0.812500 2887
102 0.843750 3370
102 0.875000 3701
102 0.906250 3969
102 0.937500 3953
102 0.968750 3925
103 0.000000 3776
103 0.031250 3487
103 0.062500 3028
103 0.093750 2784
103 0.125000 2336
103 0.156250 1857
103 0.187500 1523
103 0.218750 1169
103 0.250000 901
103 0.281250 631
103 0.312500 423
103 0.343750 288
103 0.375000 145
103 0.406250 62
103 0.437500 18
103 0.468750 0
103 0.500000 0
103 0.531250 0
103 0.562500 2
103 0.593750 45
103 0.625000 154
103 0.656250 350
103 0.687500 766
103 0.718750 1234
103 0.750000 1763
103 0.781250 2306
103 0.812500 2932
103 0.843750 3475
103 0.875000 3686
103 0.906250 3907
103 0.937500 3920
103 0.968750 3938
104 0.000000 3779
104 0.031250 3513
104 0.062500 3159
104 0.093750 2786
104 0.125000 2236
104 0.156250 2060
104 0.187500 1603
104 0.218750 1217
104 0.250000 909
104 0.281250 693
104 0.312500 451
104 0.343750 260
104 0.375000 138
104 0.406250 77
104 0.437500 13
104 0.468750 0
104 0.500000 0
104 0.531250 0
104 0.562500 1
104 0.593750 35
104 0.625000 159
104 0.656250 380
104 0.687500 757
104 0.718750 1218
104 0.750000 1760
104 0.781250 2324
104 0.812500 2867
104 0.843750 3451
104 0.875000 3655
104 0.906250 3979
104 0.937500 4064
104 0.968750 3956
105 0.000000 3682
105 0.031250 3434
105 0.062500 3106
105 0.093750 2663
105 0.125000 2300
105 0.156250 1956
105 0.187500 1489
105 0.218750 1202
105 0.250000 912
105 0.281250 656
105 0.312500 430
105 0.343750 287
105 0.375000 144
105 0.406250 61
105 0.437500 17
105 0.468750 0
105 0.500000 0
105 0.531250 0
105 0.562500 1
105 0.593750 40
105 0.625000 156
105 0.656250 382
105 0.687500 738
105 0.718750 1211
105 0.750000 1628
105 0.781250 2329
105 0.812500 2887
105 0.843750 3349
105 0.875000 3784
105 0.906250 3987
105 0.937500 4040
105 0.968750 4005
106 0.000000 3823
106 0.031250 3552
106 0.062500 3073
106 0.093750 2723
106 0.125000 2344
106 0.156250 1825
106 0.187500 1451
106 0.218750 1204
106 0.250000 906
106 0.281250 630
106 0.312500 426
106 0.343750 274
106 0.375000 161
106 0.406250 51
106 0.437500 10
106 0.468750 0
106 0.500000 0
106 0.531250 0
106 0.562500 3
106 0.593750 42
106 0.625000 189
106 0.656250 419
106 0.687500 729
106 0.718750 1175
106 0.750000 1732
106 0.781250 2299
106 0.812500 2797
106 0.843750 3321
106 0.875000 3685
106 0.906250 3913
106 0.937500 3969
106 0.968750 3920
107 0.000000 3754
107 0.031250 3538
107 0.062500 3182
107 0.093750 2776
107 0.125000 2301
107 0.156250 1894
107 0.187500 1544
107 0.218750 1172
107 0.250000 887
107 0.281250 671
107 0.312500 416
107 0.343750 264
107 0.375000 138
107 0.406250 62
107 0.437500 7
107 0.468750 0
107 0.500000 0
107 0.531250 0
107 0.562500 6
107 0.593750 42
107 0.625000 170
107 0.656250 385
107 0.687500 770
107 0.718750 1241
107 0.750000 1737
107 0.781250 2381
107 0.812500 2938
107 0.843750 3497
107 0.875000 3757
107 0.906250 4104
107 0.937500 4105
107 0.968750 4051
108 0.000000 3874
108 0.031250 3512
108 0.062500 3067
108 0.093750 2806
108 0.125000 2309
108 0.156250 1913
108 0.187500 1550
108 0.218750 1236
108 0.250000 843
108 0.281250 651
108 0.312500 382
108 0.343750 255
108 0.375000 144
108 0.406250 66
108 0.437500 12
108 0.468750 0
108 0.500000 0
108 0.531250 0
108 0.562500 2
108 0.593750 34
108 0.625000 154
108 0.656250 441
108 0.687500 759
108 0.718750 1186
108 0.750000 1713
108 0.781250 2274
108 0.812500 2990
108 0.843750 3352
108 0.875000 3919
108 0.906250 3985
108 0.937500 3982
108 0.968750 4030
109 0.000000 3794
109 0.031250 3525
109 0.062500 3222
109 0.093750 2674
109 0.125000 2247
109 0.156250 1894
109 0.187500 1589
109 0.218750 1213
109 0.250000 914
109 0.281250 649
109 0.312500 413
109 0.343750 270
109 0.375000 145
109 0.406250 57
109 0.437500 6
109 0.468750 0
109 0.500000 0
109 0.531250 0
109 0.562500 2
109 0.593750 42
109 0.625000 171
109 0.656250 408
109 0.687500 762
109 0.718750 1202
109 0.750000 1764
109 0.781250 2410
109 0.812500 3059
109 0.843750 3415
109 0.875000 3861
109 0.906250 4037
109 0.937500 4051
109 0.968750 3942
110 0.000000 3885
110 0.031250 3489
110 0.062500 3139
110 0.093750 2709
110 0.125000 2345
110 0.156250 1884
110 0.187500 1547
110 0.218750 1208
110 0.250000 904
110 0.281250 663
110 0.312500 426
110 0.343750 285
110 0.375000 157
110 0.406250 57
110 0.437500 10
110 0.468750 0
110 0.500000 0
110 0.531250 0
110 0.562500 2
110 0.593750 39
110 0.625000 171
110 0.656250 388
110 0.687500 728
110 0.718750 1194
110 0.750000 1739
110 0.781250 2343
110 0.812500 2907
110 0.843750 3444
110 0.875000 3730
110 0.906250 3980
110 0.937500 4037
110 0.968750 4161
111 0.000000 3802
111 0.031250 3540
111 0.062500 3134
111 0.093750 2761
111 0.125000 2365
111 0.156250 1962
111 0.187500 1493
111 0.218750 1194
111 0.250000 888
111 0.281250 624
111 0.312500 409
111 0.343750 279
111 0.375000 160
111 0.406250 50
111 0.437500 15
111 0.468750 0
111 0.500000 0
111 0.531250 0
111 0.562500 3
111 0.593750 27
111 0.625000 153
111 0.656250 431
111 0.687500 748
111 0.718750 1239
111 0.750000 1755
111 0.781250 2372
111 0.812500 2971
111 0.843750 3569
111 0.875000 3622
111 0.906250 4096
111 0.937500 3965
111 0.968750 3986
112 0.000000 3811
112 0.031250 3546
112 0.062500 3158
112 0.093750 2687
112 0.125000 2348
112 0.156250 1886
112 0.187500 1547
112 0.218750 1220
112 0.250000 905
112 0.281250 637
112 0.312500 461
112 0.343750 268
112 0.375000 161
112 0.406250 75
112 0.437500 14
112 0.468750 1
112 0.500000 0
112 0.531250 0
112 0.562500 4
112 0.593750 29
112 0.625000 179
112 0.656250 404
112 0.687500 779
112 0.718750 1255
112 0.750000 1767
112 0.781250 2337
112 0.812500 3019
112 0.843750 3456
112 0.875000 3817
112 0.906250 4099
112 0.937500 4086
112 0.968750 3983
113 0.000000 3886
113 0.031250 3459
113 0.062500 3189
113 0.093750 2733
113 0.125000 2318
113 0.156250 1970
113 0.187500 1624
113 0.218750 1204
113 0.250000 904
113 0.281250 641
113 0.312500 439
113 0.343750 283
113 0.375000 163
113 0.406250 75
113 0.437500 6
113 0.468750 1
113 0.500000 0
113 0.531250 0
113 0.562500 3
113 0.593750 34
113 0.625000 163
113 0.656250 364
113 0.687500 744
113 0.718750 1199
113 0.750000 1785
113 0.781250 2377
113 0.812500 2904
113 0.843750 3496
113 0.875000 3838
113 0.906250 4001
113 0.937500 4132
113 0.968750 4042
114 0.000000 3930
114 0.031250 3453
114 0.062500 3104
114 0.093750 2713
114 0.125000 2311
114 0.156250 1912
114 0.187500 1591
114 0.218750 1184
114 0.250000 934
114 0.281250 645
114 0.312500 418
114 0.343750 288
114 0.375000 139
114 0.406250 63
114 0.437500 13
114 0.468750 1
114 0.500000 0
114 0.531250 0
114 0.562500 4
114 0.593750 45
114 0.625000 177
114 0.656250 388
114 0.687500 726
114 0.718750 1233
114 0.750000 1720
114 0.781250 2375
114 0.812500 2926
114 0.843750 3394
114 0.875000 3798
114 0.906250 4012
114 0.937500 4140
114 0.968750 4018
115 0.000000 3815
115 0.031250 3544
115 0.062500 3046
115 0.093750 2754
115 0.125000 2366
115 0.156250 1843
115 0.187500 1535
115 0.218750 1167
115 0.250000 904
115 0.281250 623
115 0.312500 445
115 0.343750 256
115 0.375000 150
115 0.406250 65
115 0.437500 7
115 0.468750 0
115 0.500000 0
115 0.531250 0
115 0.562500 3
115 0.593750 38
115 0.625000 167
115 0.656250 400
115 0.687500 829
115 0.718750 1186
115 0.750000 1792
115 0.781250 2372
115 0.812500 2996
115 0.843750 3372
115 0.875000 3868
115 0.906250 4043
115 0.937500 4053
115 0.968750 3957
116 0.000000 3849
116 0.031250 3407
116 0.062500 3194
116 0.093750 2751
116 0.125000 2385
116 0.156250 1913
116 0.187500 1562
116 0.218750 1155
116 0.250000 861
116 0.281250 604
116 0.312500 441
116 0.343750 282
116 0.375000 146
116 0.406250 51
116 0.437500 12
116 0.468750 1
116 0.500000 0
116 0.531250 0
116 0.562500 3
116 0.593750 45
116 0.625000 177
116 0.656250 442
116 0.687500 748
116 0.718750 1196
116 0.750000 1783
116 0.781250 2442
116 0.812500 2930
116 0.843750 3471
116 0.875000 3746
116 0.906250 3941
116 0.937500 4216
116 0.968750 4042
117 0.000000 3764
117 0.031250 3461
117 0.062500 3157
117 0.093750 2745
117 0.125000 2420
117 0.156250 1859
117 0.187500 1539
117 0.218750 1146
117 0.250000 869
117 0.281250 648
117 0.312500 442
117 0.343750 274
117 0.375000 120
117 0.406250 60
117 0.437500 13
117 0.468750 0
117 0.500000 0
117 0.531250 0
117 0.562500 5
117 0.593750 48
117 0.625000 177
117 0.656250 392
117 0.687500 700
117 0.718750 1162
117 0.750000 1730
117 0.781250 2289
117 0.812500 2946
117 0.843750 3573
117 0.875000 3878
117 0.906250 3997
117 0.937500 4215
117 0.968750 4051
118 0.000000 3755
118 0.031250 3486
118 0.062500 3156
118 0.093750 2677
118 0.125000 2413
118 0.156250 1798
118 0.187500 1586
118 0.218750 1182
118 0.250000 854
118 0.281250 607
118 0.312500 434
118 0.343750 255
118 0.375000 155
118 0.406250 46
118 0.437500 12
118 0.468750 0
118 0.500000 0
118 0.531250 0
118 0.562500 4
118 0.593750 26
118 0.625000 173
118 0.656250 397
118 0.687500 692
118 0.718750 1191
118 0.750000 1735
118 0.781250 2377
118 0.812500 2887
118 0.843750 3535
118 0.875000 3717
118 0.906250 3996
118 0.937500 4086
118 0.968750 4063
119 0.000000 3781
119 0.031250 3472
119 0.062500 3140
119 0.093750 2812
119 0.125000 2216
119 0.156250 1853
119 0.187500 1522
119 0.218750 1195
119 0.250000 919
119 0.281250 589
119 0.312500 438
119 0.343750 277
119 0.375000 154
119 0.406250 52
119 0.437500 13
119 0.468750 0
119 0.500000 0
119 0.531250 0
119 0.562500 1
119 0.593750 43
119 0.625000 163
119 0.656250 375
119 0.687500 741
119 0.718750 1217
119 0.750000 1754
119 0.781250 2365
119 0.812500 2953
119 0.843750 3539
119 0.875000 3777
119 0.906250 4039
119 0.937500 4030
119 0.968750 4053
120 0.000000 3764
120 0.031250 3423
120 0.062500 3152
120 0.093750 2700
120 0.125000 2313
120 0.156250 1910
120 0.187500 1509
120 0.218750 1162
120 0.250000 872
120 0.281250 644
120 0.312500 439
120 0.343750 252
120 0.375000 162
120 0.406250 58
120 0.437500 14
120 0.468750 0
120 0.500000 0
120 0.531250 0
120 0.562500 6
120 0.593750 30
120 0.625000 160
120 0.656250 416
120 0.687500 758
120 0.718750 1135
120 0.750000 1758
120 0.781250 2415
120 0.812500 2904
120 0.843750 3442
120 0.875000 3712
120 0.906250 4014
120 0.937500 4127
120 0.968750 3988
121 0.000000 3829
121 0.031250 3434
121 0.062500 3097
121 0.093750 2537
121 0.125000 2254
121 0.156250 1857
121 0.187500 1537
121 0.218750 1134
121 0.250000 894
121 0.281250 571
121 0.312500 410
121 0.343750 281
121 0.375000 125
121 0.406250 56
121 0.437500 7
121 0.468750 0
121 0.500000 0
121 0.531250 0
121 0.562500 6
121 0.593750 35
121 0.625000 182
121 0.656250 392
121 0.687500 765
121 0.718750 1210
121 0.750000 1702
121 0.781250 2360
121 0.812500 2942
121 0.843750 3329
121 0.875000 3787
121 0.906250 4117
121 0.937500 4034
121 0.968750 4089
122 0.000000 3850
122 0.031250 3390
122 0.062500 3162
122 0.093750 2666
122 0.125000 2219
122 0.156250 1921
122 0.187500 1523
122 0.218750 1168
122 0.250000 854
122 0.281250 611
122 0.312500 403
122 0.343750 252
122 0.375000 144
122 0.406250 51
122 0.437500 13
122 0.468750 1
122 0.500000 0
122 0.531250 0
122 0.562500 1
122 0.593750 38
122 0.625000 153
122 0.656250 416
122 0.687500 733
122 0.718750 1200
122 0.750000 1808
122 0.781250 2352
122 0.812500 2850
122 0.843750 3378
122 0.875000 3901
122 0.906250 4078
122 0.937500 4116
122 0.968750 4000
123 0.000000 3750
123 0.031250 3439
123 0.062500 3130
123 0.093750 2744
123 0.125000 2238
123 0.156250 1928
123 0.187500 1513
123 0.218750 1157
123 0.250000 909
123 0.281250 588
123 0.312500 435
123 0.343750 262
123 0.375000 130
123 0.406250 60
123 0.437500 6
123 0.468750 0
123 0.500000 0
123 0.531250 0
123 0.562500 3
123 0.593750 34
123 0.625000 178
123 0.656250 436
123 0.687500 752
123 0.718750 1130
123 0.750000 1679
123 0.781250 2317
123 0.812500 2915
123 0.843750 3380
123 0.875000 3775
123 0.906250 3990
123 0.937500 4004
123 0.968750 3968
124 0.000000 3917
124 0.031250 3461
124 0.062500 3066
124 0.093750 2629
124 0.125000 2272
124 0.156250 1844
124 0.187500 1529
124 0.218750 1146
124 0.250000 857
124 0.281250 598
124 0.312500 417
124 0.343750 264
124 0.375000 142
124 0.406250 52
124 0.437500 10
124 0.468750 0
124 0.500000 0
124 0.531250 0
124 0.562500 2
124 0.593750 32
124 0.625000 172
124 0.656250 391
124 0.687500 723
124 0.718750 1135
124 0.750000 1711
124 0.781250 2345
124 0.812500 2967
124 0.843750 3405
124 0.875000 3768
124 0.906250 3966
124 0.937500 4043
124 0.968750 3991
125 0.000000 3667
125 0.031250 3416
125 0.062500 3086
125 0.093750 2693
125 0.125000 2342
125 0.156250 1814
125 0.187500 1453
125 0.218750 1202
125 0.250000 849
125 0.281250 592
125 0.312500 415
125 0.343750 256
125 0.375000 137
125 0.406250 54
125 0.437500 11
125 0.468750 0
125 0.500000 0
125 0.531250 0
125 0.562500 2
125 0.593750 31
125 0.625000 151
125 0.656250 359
125 0.687500 774
125 0.718750 1193
125 0.750000 1756
125 0.781250 2322
125 0.812500 2886
125 0.843750 3373
125 0.875000 3764
125 0.906250 4101
125 0.937500 4060
125 0.968750 3967
126 0.000000 3830
126 0.031250 3459
126 0.062500 3088
126 0.093750 2483
126 0.125000 2187
126 0.156250 1866
126 0.187500 1504
126 0.218750 1087
126 0.250000 888
126 0.281250 601
126 0.312500 423
126 0.343750 262
126 0.375000 144
126 0.406250 52
126 0.437500 14
126 0.468750 0
126 0.500000 0
126 0.531250 0
126 0.562500 7
126 0.593750 41
126 0.625000 189
126 0.656250 387
126 0.687500 705
126 0.718750 1187
126 0.750000 1786
126 0.781250 2360
126 0.812500 2799
126 0.843750 3461
126 0.875000 3721
126 0.906250 3906
126 0.937500 4054
126 0.968750 3966
127 0.000000 3766
127 0.031250 3443
127 0.062500 3031
127 0.093750 2600
127 0.125000 2241
127 0.156250 1828
127 0.187500 1417
127 0.218750 1105
127 0.250000 884
127 0.281250 544
127 0.312500 415
127 0.343750 289
127 0.375000 131
127 0.406250 65
127 0.437500 12
127 0.468750 0
127 0.500000 0
127 0.531250 0
127 0.562500 2
127 0.593750 43
127 0.625000 177
127 0.656250 368
127 0.687500 738
127 0.718750 1157
127 0.750000 1724
127 0.781250 2237
127 0.812500 2915
127 0.843750 3423
127 0.875000 3791
127 0.906250 4042
127 0.937500 4046
127 0.968750 3978
128 0.000000 3649
128 0.031250 3430
128 0.062500 3085
128 0.093750 2636
128 0.125000 2298
128 0.156250 1830
128 0.187500 1477
128 0.218750 1124
128 0.250000 854
128 0.281250 602
128 0.312500 420
128 0.343750 237
128 0.375000 158
128 0.406250 55
128 0.437500 10
128 0.468750 1
128 0.500000 0
128 0.531250 0
128 0.562500 3
128 0.593750 33
128 0.625000 191
128 0.656250 387
128 0.687500 711
128 0.718750 1241
128 0.750000 1714
128 0.781250 2264
128 0.812500 2928
128 0.843750 3406
128 0.875000 3721
128 0.906250 4092
128 0.937500 4118
128 0.968750 4017
129 0.000000 3658
129 0.031250 3396
129 0.062500 3004
129 0.093750 2701
129 0.125000 2268
129 0.156250 1854
129 0.187500 1500
129 0.218750 1084
129 0.250000 861
129 0.281250 620
129 0.312500 434
129 0.343750 248
129 0.375000 133
129 0.406250 72
129 0.437500 13
129 0.468750 0
129 0.500000 0
129 0.531250 0
129 0.562500 1
129 0.593750 40
129 0.625000 149
129 0.656250 373
129 0.687500 732
129 0.718750 1206
129 0.750000 1720
129 0.781250 2288
129 0.812500 2882
129 0.843750 3377
129 0.875000 3829
129 0.906250 3875
129 0.937500 4031
129 0.968750 3903
130 0.000000 3709
130 0.031250 3381
130 0.062500 3075
130 0.093750 2717
130 0.125000 2239
130 0.156250 1855
130 0.187500 1459
130 0.218750 1133
130 0.250000 835
130 0.281250 645
130 0.312500 421
130 0.343750 230
130 0.375000 140
130 0.406250 57
130 0.437500 8
130 0.468750 0
130 0.500000 0
130 0.531250 0
130 0.562500 5
130 0.593750 39
130 0.625000 146
130 0.656250 415
130 0.687500 727
130 0.718750 1169
130 0.750000 1700
130 0.781250 2247
130 0.812500 2886
130 0.843750 3367
130 0.875000 3604
130 0.906250 3912
130 0.937500 3959
130 0.968750 3784
131 0.000000 3740
131 0.031250 3457
131 0.062500 3123
131 0.093750 2619
131 0.125000 2162
131 0.156250 1847
131 0.187500 1514
131 0.218750 1171
131 0.250000 891
131 0.281250 628
131 0.312500 382
131 0.343750 270
131 0.375000 131
131 0.406250 67
131 0.437500 11
131 0.468750 1
131 0.500000 0
131 0.531250 0
131 0.562500 1
131 0.593750 34
131 0.625000 198
131 0.656250 365
131 0.687500 696
131 0.718750 1185
131 0.750000 1681
131 0.781250 2317
131 0.812500 2815
131 0.843750 3453
131 0.875000 3728
131 0.906250 4037
131 0.937500 4083
131 0.968750 3839
132 0.000000 3647
132 0.031250 3329
132 0.062500 2984
132 0.093750 2623
132 0.125000 2260
132 0.156250 1853
132 0.187500 1406
132 0.218750 1133
132 0.250000 883
132 0.281250 600
132 0.312500 402
132 0.343750 244
132 0.375000 131
132 0.406250 54
132 0.437500 14
132 0.468750 1
132 0.500000 0
132 0.531250 0
132 0.562500 1
132 0.593750 41
132 0.625000 166
132 0.656250 415
132 0.687500 775
132 0.718750 1139
132 0.750000 1681
132 0.781250 2329
132 0.812500 2812
132 0.843750 3497
132 0.875000 3762
132 0.906250 3961
132 0.937500 4080
132 0.968750 3846
133 0.000000 3742
133 0.031250 3322
133 0.062500 2902
133 0.093750 2599
133 0.125000 2145
133 0.156250 1732
133 0.187500 1428
133 0.218750 1144
133 0.250000 843
133 0.281250 567
133 0.312500 391
133 0.343750 237
133 0.375000 166
133 0.406250 52
133 0.437500 8
133 0.468750 0
133 0.500000 0
133 0.531250 0
133 0.562500 1
133 0.593750 48
133 0.625000 155
133 0.656250 372
133 0.687500 689
133 0.718750 1146
133 0.750000 1693
133 0.781250 2381
133 0.812500 2831
133 0.843750 3340
133 0.875000 3719
133 0.906250 3836
133 0.937500 3964
133 0.968750 3915
134 0.000000 3591
134 0.031250 3386
134 0.062500 3076
134 0.093750 2624
134 0.125000 2163
134 0.156250 1876
134 0.187500 1440
134 0.218750 1098
134 0.250000 802
134 0.281250 620
134 0.312500 429
134 0.343750 246
134 0.375000 126
134 0.406250 43
134 0.437500 7
134 0.468750 0
134 0.500000 0
134 0.531250 0
134 0.562500 3
134 0.593750 34
134 0.625000 150
134 0.656250 377
134 0.687500 764
134 0.718750 1175
134 0.750000 1710
134 0.781250 2282
134 0.812500 2811
134 0.843750 3427
134 0.875000 3659
134 0.906250 3829
134 0.937500 3947
134 0.968750 3974
135 0.000000 3557
135 0.031250 3431
135 0.062500 2978
135 0.093750 2573
135 0.125000 2213
135 0.156250 1709
135 0.187500 1435
135 0.218750 1105
135 0.250000 810
135 0.281250 597
135 0.312500 424
135 0.343750 277
135 0.375000 130
135 0.406250 64
135 0.437500 8
135 0.468750 1
135 0.500000 0
135 0.531250 0
135 0.562500 0
135 0.593750 33
135 0.625000 157
135 0.656250 395
135 0.687500 735
135 0.718750 1180
135 0.750000 1715
135 0.781250 2255
135 0.812500 2842
135 0.843750 3363
135 0.875000 3712
135 0.906250 3962
135 0.937500 3914
135 0.968750 3909
136 0.000000 3667
136 0.031250 3376
136 0.062500 2966
136 0.093750 2599
136 0.125000 2187
136 0.156250 1787
136 0.187500 1407
136 0.218750 1098
136 0.250000 778
136 0.281250 583
136 0.312500 431
136 0.343750 251
136 0.375000 145
136 0.406250 53
136 0.437500 15
136 0.468750 0
136 0.500000 0
136 0.531250 0
136 0.562500 4
136 0.593750 44
136 0.625000 185
136 0.656250 378
136 0.687500 714
136 0.718750 1165
136 0.750000 1713
136 0.781250 2228
136 0.812500 2710
136 0.843750 3310
136 0.875000 3763
136 0.906250 3923
136 0.937500 3918
136 0.968750 3907
137 0.000000 3627
137 0.031250 3341
137 0.062500 2897
137 0.093750 2572
137 0.125000 2039
137 0.156250 1842
137 0.187500 1517
137 0.218750 1185
137 0.250000 845
137 0.281250 626
137 0.312500 358
137 0.343750 243
137 0.375000 138
137 0.406250 78
137 0.437500 10
137 0.468750 1
137 0.500000 0
137 0.531250 0
137 0.562500 1
137 0.593750 34
137 0.625000 167
137 0.656250 354
137 0.687500 743
137 0.718750 1135
137 0.750000 1688
137 0.781250 2281
137 0.812500 2780
137 0.843750 3277
137 0.875000 3728
137 0.906250 3881
137 0.937500 3958
137 0.968750 3934
138 0.000000 3673
138 0.031250 3416
138 0.062500 2952
138 0.093750 2490
138 0.125000 2247
138 0.156250 1704
138 0.187500 1373
138 0.218750 1059
138 0.250000 785
138 0.281250 567
138 0.312500 435
138 0.343750 277
138 0.375000 133
138 0.406250 50
138 0.437500 11
138 0.468750 0
138 0.500000 0
138 0.531250 0
138 0.562500 2
138 0.593750 47
138 0.625000 181
138 0.656250 363
138 0.687500 736
138 0.718750 1094
138 0.750000 1671
138 0.781250 2226
138 0.812500 2832
138 0.843750 3371
138 0.875000 3562
138 0.906250 3899
138 0.937500 3935
138 0.968750 3897
139 0.000000 3654
139 0.031250 3303
139 0.062500 2923
139 0.093750 2573
139 0.125000 2183
139 0.156250 1700
139 0.187500 1347
139 0.218750 1130
139 0.250000 800
139 0.281250 568
139 0.312500 388
139 0.343750 259
139 0.375000 136
139 0.406250 63
139 0.437500 12
139 0.468750 1
139 0.500000 0
139 0.531250 0
139 0.562500 2
139 0.593750 36
139 0.625000 154
139 0.656250 376
139 0.687500 698
139 0.718750 1142
139 0.750000 1632
139 0.781250 2183
139 0.812500 2834
139 0.843750 3307
139 0.875000 3639
139 0.906250 3937
139 0.937500 3852
139 0.968750 3802
140 0.000000 3576
140 0.031250 3251
140 0.062500 2913
140 0.093750 2506
140 0.125000 2159
140 0.156250 1714
140 0.187500 1457
140 0.218750 1075
140 0.250000 829
140 0.281250 580
140 0.312500 377
140 0.343750 237
140 0.375000 139
140 0.406250 60
140 0.437500 10
140 0.468750 0
140 0.500000 0
140 0.531250 0
140 0.562500 1
140 0.593750 29
140 0.625000 163
140 0.656250 417
140 0.687500 753
140 0.718750 1166
140 0.750000 1622
140 0.781250 2237
140 0.812500 2838
140 0.843750 3246
140 0.875000 3618
140 0.906250 3797
140 0.937500 4018
140 0.968750 3770
141 0.000000 3492
141 0.031250 3204
141 0.062500 2877
141 0.093750 2600
141 0.125000 2106
141 0.156250 1751
141 0.187500 1392
141 0.218750 1118
141 0.250000 772
141 0.281250 590
141 0.312500 394
141 0.343750 243
141 0.375000 122
141 0.406250 42
141 0.437500 11
141 0.468750 2
141 0.500000 0
141 0.531250 0
141 0.562500 3
141 0.593750 38
141 0.625000 155
141 0.656250 376
141 0.687500 697
141 0.718750 1130
141 0.750000 1615
141 0.781250 2188
141 0.812500 2818
141 0.843750 3281
141 0.875000 3684
141 0.906250 3682
141 0.937500 3829
141 0.968750 3668
142 0.000000 3404
142 0.031250 3225
142 0.062500 2836
142 0.093750 2474
142 0.125000 2072
142 0.156250 1727
142 0.187500 1359
142 0.218750 1095
142 0.250000 776
142 0.281250 548
142 0.312500 379
142 0.343750 230
142 0.375000 119
142 0.406250 64
142 0.437500 11
142 0.468750 1
142 0.500000 0
142 0.531250 0
142 0.562500 0
142 0.593750 46
142 0.625000 176
142 0.656250 342
142 0.687500 683
142 0.718750 1081
142 0.750000 1667
142 0.781250 2202
142 0.812500 2830
142 0.843750 3380
142 0.875000 3644
142 0.906250 3855
142 0.937500 3876
142 0.968750 3914
143 0.000000 3502
143 0.031250 3230
143 0.062500 2928
143 0.093750 2555
143 0.125000 2169
143 0.156250 1744
143 0.187500 1391
143 0.218750 1063
143 0.250000 779
143 0.281250 528
143 0.312500 374
143 0.343750 251
143 0.375000 123
143 0.406250 55
143 0.437500 12
143 0.468750 0
143 0.500000 0
143 0.531250 0
143 0.562500 5
143 0.593750 38
143 0.625000 159
143 0.656250 383
143 0.687500 735
143 0.718750 1102
143 0.750000 1663
143 0.781250 2194
143 0.812500 2808
143 0.843750 3277
143 0.875000 3688
143 0.906250 3902
143 0.937500 3819
143 0.968750 3655
144 0.000000 3547
144 0.031250 3180
144 0.062500 2828
144 0.093750 2393
144 0.125000 2023
144 0.156250 1781
144 0.187500 1335
144 0.218750 1089
144 0.250000 758
144 0.281250 544
144 0.312500 413
144 0.343750 232
144 0.375000 121
144 0.406250 58
144 0.437500 10
144 0.468750 0
144 0.500000 0
144 0.531250 0
144 0.562500 3
144 0.593750 33
144 0.625000 143
144 0.656250 366
144 0.687500 726
144 0.718750 1149
144 0.750000 1693
144 0.781250 2173
144 0.812500 2724
144 0.843750 3305
144 0.875000 3469
144 0.906250 3725
144 0.937500 3855
144 0.968750 3767
145 0.000000 3567
145 0.031250 3197
145 0.062500 2830
145 0.093750 2420
145 0.125000 1983
145 0.156250 1756
145 0.187500 1365
145 0.218750 1060
145 0.250000 781
145 0.281250 536
145 0.312500 372
145 0.343750 228
145 0.375000 140
145 0.406250 46
145 0.437500 11
145 0.468750 0
145 0.500000 0
145 0.531250 0
145 0.562500 4
145 0.593750 52
145 0.625000 172
145 0.656250 401
145 0.687500 686
145 0.718750 1110
145 0.750000 1638
145 0.781250 2235
145 0.812500 2699
145 0.843750 3274
145 0.875000 3523
145 0.906250 3809
145 0.937500 3775
145 0.968750 3723
146 0.000000 3360
146 0.031250 3214
146 0.062500 2870
146 0.093750 2439
146 0.125000 2027
146 0.156250 1745
146 0.187500 1325
146 0.218750 1022
146 0.250000 752
146 0.281250 530
146 0.312500 352
146 0.343750 248
146 0.375000 148
146 0.406250 50
146 0.437500 7
146 0.468750 0
146 0.500000 0
146 0.531250 0
146 0.562500 1
146 0.593750 32
146 0.625000 151
146 0.656250 399
146 0.687500 698
146 0.718750 1152
146 0.750000 1670
146 0.781250 2236
146 0.812500 2675
146 0.843750 3218
146 0.875000 3473
146 0.906250 3793
146 0.937500 3861
146 0.968750 3656
147 0.000000 3559
147 0.031250 3183
147 0.062500 2832
147 0.093750 2394
147 0.125000 2058
147 0.156250 1708
147 0.187500 1317
147 0.218750 1036
147 0.250000 808
147 0.281250 547
147 0.312500 373
147 0.343750 262
147 0.375000 145
147 0.406250 44
147 0.437500 10
147 0.468750 0
147 0.500000 0
147 0.531250 0
147 0.562500 4
147 0.593750 42
147 0.625000 158
147 0.656250 363
147 0.687500 723
147 0.718750 1148
147 0.750000 1697
147 0.781250 2152
147 0.812500 2681
147 0.843750 3281
147 0.875000 3536
147 0.906250 3649
147 0.937500 3733
147 0.968750 3603
148 0.000000 3529
148 0.031250 3193
148 0.062500 2839
148 0.093750 2413
148 0.125000 2064
148 0.156250 1721
148 0.187500 1284
148 0.218750 955
148 0.250000 754
148 0.281250 602
148 0.312500 364
148 0.343750 217
148 0.375000 145
148 0.406250 51
148 0.437500 5
148 0.468750 0
148 0.500000 0
148 0.531250 0
148 0.562500 5
148 0.593750 34
148 0.625000 183
148 0.656250 366
148 0.687500 705
148 0.718750 1118
148 0.750000 1656
148 0.781250 2150
148 0.812500 2684
148 0.843750 3126
148 0.875000 3673
148 0.906250 3791
148 0.937500 3769
148 0.968750 3752
149 0.000000 3391
149 0.031250 3221
149 0.062500 2703
149 0.093750 2348
149 0.125000 2083
149 0.156250 1582
149 0.187500 1330
149 0.218750 1042
149 0.250000 736
149 0.281250 571
149 0.312500 357
149 0.343750 226
149 0.375000 132
149 0.406250 51
149 0.437500 13
149 0.468750 0
149 0.500000 0
149 0.531250 0
149 0.562500 2
149 0.593750 37
149 0.625000 158
149 0.656250 380
149 0.687500 625
149 0.718750 1138
149 0.750000 1579
149 0.781250 2196
149 0.812500 2652
149 0.843750 3097
149 0.875000 3508
149 0.906250 3612
149 0.937500 3690
149 0.968750 3600
150 0.000000 3412
150 0.031250 3003
150 0.062500 2790
150 0.093750 2307
150 0.125000 2029
150 0.156250 1651
150 0.187500 1360
150 0.218750 1011
150 0.250000 758
150 0.281250 570
150 0.312500 384
150 0.343750 258
150 0.375000 116
150 0.406250 47
150 0.437500 11
150 0.468750 0
150 0.500000 0
150 0.531250 0
150 0.562500 1
150 0.593750 35
150 0.625000 160
150 0.656250 370
150 0.687500 653
150 0.718750 1112
150 0.750000 1620
150 0.781250 2172
150 0.812500 2762
150 0.843750 3132
150 0.875000 3506
150 0.906250 3690
150 0.937500 3831
150 0.968750 3643
151 0.000000 3426
151 0.031250 3129
151 0.062500 2737
151 0.093750 2394
151 0.125000 1992
151 0.156250 1697
151 0.187500 1378
151 0.218750 990
151 0.250000 704
151 0.281250 536
151 0.312500 352
151 0.343750 214
151 0.375000 111
151 0.406250 59
151 0.437500 12
151 0.468750 2
151 0.500000 0
151 0.531250 0
151 0.562500 6
151 0.593750 35
151 0.625000 165
151 0.656250 355
151 0.687500 631
151 0.718750 1138
151 0.750000 1614
151 0.781250 2094
151 0.812500 2602
151 0.843750 3143
151 0.875000 3530
151 0.906250 3697
151 0.937500 3693
151 0.968750 3464
152 0.000000 3479
152 0.031250 3032
152 0.062500 2781
152 0.093750 2406
152 0.125000 2001
152 0.156250 1604
152 0.187500 1314
152 0.218750 918
152 0.250000 755
152 0.281250 585
152 0.312500 375
152 0.343750 212
152 0.375000 124
152 0.406250 49
152 0.437500 8
152 0.468750 1
152 0.500000 0
152 0.531250 0
152 0.562500 3
152 0.593750 36
152 0.625000 134
152 0.656250 381
152 0.687500 647
152 0.718750 1089
152 0.750000 1640
152 0.781250 2163
152 0.812500 2590
152 0.843750 3153
152 0.875000 3411
152 0.906250 3523
152 0.937500 3645
152 0.968750 3585
153 0.000000 3264
153 0.031250 3043
153 0.062500 2650
153 0.093750 2314
153 0.125000 1994
153 0.156250 1555
153 0.187500 1237
153 0.218750 982
153 0.250000 736
153 0.281250 524
153 0.312500 336
153 0.343750 230
153 0.375000 121
153 0.406250 47
153 0.437500 7
153 0.468750 0
153 0.500000 0
153 0.531250 0
153 0.562500 2
153 0.593750 33
153 0.625000 150
153 0.656250 327
153 0.687500 674
153 0.718750 1054
153 0.750000 1589
153 0.781250 1992
153 0.812500 2574
153 0.843750 3114
153 0.875000 3378
153 0.906250 3489
153 0.937500 3748
153 0.968750 3579
154 0.000000 3261
154 0.031250 3022
154 0.062500 2632
154 0.093750 2317
154 0.125000 1939
154 0.156250 1595
154 0.187500 1259
154 0.218750 978
154 0.250000 677
154 0.281250 532
154 0.312500 341
154 0.343750 254
154 0.375000 135
154 0.406250 46
154 0.437500 8
154 0.468750 0
154 0.500000 0
154 0.531250 0
154 0.562500 1
154 0.593750 46
154 0.625000 138
154 0.656250 339
154 0.687500 658
154 0.718750 1098
154 0.750000 1539
154 0.781250 2141
154 0.812500 2561
154 0.843750 3008
154 0.875000 3385
154 0.906250 3539
154 0.937500 3523
154 0.968750 3527
155 0.000000 3258
155 0.031250 2990
155 0.062500 2569
155 0.093750 2231
155 0.125000 1942
155 0.156250 1622
155 0.187500 1209
155 0.218750 997
155 0.250000 712
155 0.281250 517
155 0.312500 334
155 0.343750 207
155 0.375000 109
155 0.406250 47
155 0.437500 7
155 0.468750 0
155 0.500000 0
155 0.531250 0
155 0.562500 2
155 0.593750 32
155 0.625000 146
155 0.656250 353
155 0.687500 641
155 0.718750 1063
155 0.750000 1463
155 0.781250 2044
155 0.812500 2632
155 0.843750 2959
155 0.875000 3281
155 0.906250 3502
155 0.937500 3589
155 0.968750 3539
156 0.000000 3200
156 0.031250 2927
156 0.062500 2579
156 0.093750 2208
156 0.125000 1849
156 0.156250 1620
156 0.187500 1266
156 0.218750 954
156 0.250000 709
156 0.281250 522
156 0.312500 328
156 0.343750 225
156 0.375000 123
156 0.406250 44
156 0.437500 8
156 0.468750 0
156 0.500000 0
156 0.531250 0
156 0.562500 5
156 0.593750 43
156 0.625000 175
156 0.656250 330
156 0.687500 685
156 0.718750 1022
156 0.750000 1484
156 0.781250 2067
156 0.812500 2600
156 0.843750 3043
156 0.875000 3329
156 0.906250 3491
156 0.937500 3549
156 0.968750 3435
157 0.000000 3127
157 0.031250 2885
157 0.062500 2519
157 0.093750 2203
157 0.125000 1902
157 0.156250 1501
157 0.187500 1106
157 0.218750 984
157 0.250000 734
157 0.281250 521
157 0.312500 338
157 0.343750 188
157 0.375000 118
157 0.406250 48
157 0.437500 10
157 0.468750 0
157 0.500000 0
157 0.531250 0
157 0.562500 1
157 0.593750 30
157 0.625000 153
157 0.656250 354
157 0.687500 647
157 0.718750 1040
157 0.750000 1528
157 0.781250 2011
157 0.812500 2568
157 0.843750 2920
157 0.875000 3227
157 0.906250 3434
157 0.937500 3574
157 0.968750 3477
158 0.000000 3210
158 0.031250 2865
158 0.062500 2515
158 0.093750 2261
158 0.125000 1829
158 0.156250 1495
158 0.187500 1239
158 0.218750 954
158 0.250000 700
158 0.281250 500
158 0.312500 348
158 0.343750 202
158 0.375000 119
158 0.406250 51
158 0.437500 7
158 0.468750 0
158 0.500000 0
158 0.531250 0
158 0.562500 3
158 0.593750 41
158 0.625000 135
158 0.656250 364
158 0.687500 639
158 0.718750 1046
158 0.750000 1422
158 0.781250 2024
158 0.812500 2562
158 0.843750 2988
158 0.875000 3303
158 0.906250 3386
158 0.937500 3316
158 0.968750 3329
159 0.000000 3138
159 0.031250 2862
159 0.062500 2492
159 0.093750 2156
159 0.125000 1773
159 0.156250 1478
159 0.187500 1132
159 0.218750 863
159 0.250000 677
159 0.281250 487
159 0.312500 335
159 0.343750 195
159 0.375000 116
159 0.406250 56
159 0.437500 9
159 0.468750 1
159 0.500000 0
159 0.531250 0
159 0.562500 2
159 0.593750 28
159 0.625000 146
159 0.656250 320
159 0.687500 611
159 0.718750 991
159 0.750000 1469
159 0.781250 1980
159 0.812500 2489
159 0.843750 2948
159 0.875000 3278
159 0.906250 3346
159 0.937500 3487
159 0.968750 3419
160 0.000000 3079
160 0.031250 2810
160 0.062500 2506
160 0.093750 2147
160 0.125000 1825
160 0.156250 1511
160 0.187500 1265
160 0.218750 862
160 0.250000 715
160 0.281250 470
160 0.312500 330
160 0.343750 241
160 0.375000 127
160 0.406250 40
160 0.437500 13
160 0.468750 0
160 0.500000 0
160 0.531250 0
160 0.562500 2
160 0.593750 31
160 0.625000 128
160 0.656250 327
160 0.687500 654
160 0.718750 1058
160 0.750000 1566
160 0.781250 1952
160 0.812500 2540
160 0.843750 2766
160 0.875000 3218
160 0.906250 3344
160 0.937500 3366
160 0.968750 3419
161 0.000000 3213
161 0.031250 2857
161 0.062500 2427
161 0.093750 2203
161 0.125000 1803
161 0.156250 1498
161 0.187500 1213
161 0.218750 909
161 0.250000 695
161 0.281250 473
161 0.312500 338
161 0.343750 211
161 0.375000 146
161 0.406250 48
161 0.437500 7
161 0.468750 0
161 0.500000 0
161 0.531250 0
161 0.562500 4
161 0.593750 29
161 0.625000 136
161 0.656250 351
161 0.687500 665
161 0.718750 1001
161 0.750000 1441
161 0.781250 1990
161 0.812500 2438
161 0.843750 2861
161 0.875000 3062
161 0.906250 3423
161 0.937500 3347
161 0.968750 3132
162 0.000000 3150
162 0.031250 2810
162 0.062500 2439
162 0.093750 2199
162 0.125000 1704
162 0.156250 1437
162 0.187500 1159
162 0.218750 851
162 0.250000 655
162 0.281250 467
162 0.312500 323
162 0.343750 241
162 0.375000 121
162 0.406250 48
162 0.437500 7
162 0.468750 0
162 0.500000 0
162 0.531250 0
162 0.562500 2
162 0.593750 34
162 0.625000 157
162 0.656250 366
162 0.687500 601
162 0.718750 980
162 0.750000 1470
162 0.781250 1954
162 0.812500 2511
162 0.843750 2789
162 0.875000 3164
162 0.906250 3290
162 0.937500 3406
162 0.968750 3213
163 0.000000 2985
163 0.031250 2682
163 0.062500 2519
163 0.093750 2160
163 0.125000 1781
163 0.156250 1432
163 0.187500 1166
163 0.218750 902
163 0.250000 688
163 0.281250 477
163 0.312500 308
163 0.343750 210
163 0.375000 128
163 0.406250 39
163 0.437500 6
163 0.468750 0
163 0.500000 0
163 0.531250 0
163 0.562500 1
163 0.593750 46
163 0.625000 133
163 0.656250 355
163 0.687500 581
163 0.718750 970
163 0.750000 1435
163 0.781250 1964
163 0.812500 2479
163 0.843750 2850
163 0.875000 3214
163 0.906250 3387
163 0.937500 3408
163 0.968750 3322
164 0.000000 3062
164 0.031250 2813
164 0.062500 2498
164 0.093750 2135
164 0.125000 1772
164 0.156250 1467
164 0.187500 1131
164 0.218750 889
164 0.250000 657
164 0.281250 440
164 0.312500 335
164 0.343750 219
164 0.375000 110
164 0.406250 57
164 0.437500 7
164 0.468750 0
164 0.500000 0
164 0.531250 0
164 0.562500 1
164 0.593750 36
164 0.625000 143
164 0.656250 334
164 0.687500 622
164 0.718750 982
164 0.750000 1395
164 0.781250 1964
164 0.812500 2483
164 0.843750 2795
164 0.875000 3108
164 0.906250 3302
164 0.937500 3446
164 0.968750 3274
165 0.000000 3096
165 0.031250 2817
165 0.062500 2394
165 0.093750 2153
165 0.125000 1823
165 0.156250 1395
165 0.187500 1178
165 0.218750 852
165 0.250000 632
165 0.281250 437
165 0.312500 334
165 0.343750 181
165 0.375000 123
165 0.406250 44
165 0.437500 7
165 0.468750 0
165 0.500000 0
165 0.531250 0
165 0.562500 1
165 0.593750 29
165 0.625000 147
165 0.656250 338
165 0.687500 581
165 0.718750 1009
165 0.750000 1415
165 0.781250 1971
165 0.812500 2387
165 0.843750 2796
165 0.875000 3179
165 0.906250 3255
165 0.937500 3261
165 0.968750 3260
166 0.000000 2982
166 0.031250 2721
166 0.062500 2509
166 0.093750 2130
166 0.125000 1680
166 0.156250 1478
166 0.187500 1159
166 0.218750 815
166 0.250000 715
166 0.281250 466
166 0.312500 323
166 0.343750 216
166 0.375000 104
166 0.406250 45
166 0.437500 6
166 0.468750 1
166 0.500000 0
166 0.531250 0
166 0.562500 3
166 0.593750 44
166 0.625000 166
166 0.656250 365
166 0.687500 644
166 0.718750 958
166 0.750000 1495
166 0.781250 1951
166 0.812500 2362
166 0.843750 2798
166 0.875000 3174
166 0.906250 3267
166 0.937500 3355
166 0.968750 3269
167 0.000000 3038
167 0.031250 2701
167 0.062500 2374
167 0.093750 2101
167 0.125000 1746
167 0.156250 1481
167 0.187500 1124
167 0.218750 836
167 0.250000 646
167 0.281250 477
167 0.312500 331
167 0.343750 199
167 0.375000 123
167 0.406250 43
167 0.437500 12
167 0.468750 1
167 0.500000 0
167 0.531250 0
167 0.562500 2
167 0.593750 27
167 0.625000 143
167 0.656250 329
167 0.687500 569
167 0.718750 930
167 0.750000 1406
167 0.781250 1976
167 0.812500 2389
167 0.843750 2727
167 0.875000 3146
167 0.906250 3182
167 0.937500 3258
167 0.968750 3182
168 0.000000 3015
168 0.031250 2826
168 0.062500 2391
168 0.093750 2136
168 0.125000 1765
168 0.156250 1444
168 0.187500 1125
168 0.218750 866
168 0.250000 671
168 0.281250 474
168 0.312500 335
168 0.343750 205
168 0.375000 110
168 0.406250 49
168 0.437500 8
168 0.468750 0
168 0.500000 0
168 0.531250 0
168 0.562500 1
168 0.593750 33
168 0.625000 125
168 0.656250 360
168 0.687500 568
168 0.718750 1035
168 0.750000 1404
168 0.781250 1894
168 0.812500 2405
168 0.843750 2772
168 0.875000 3102
168 0.906250 3244
168 0.937500 3344
168 0.968750 3215
169 0.000000 3003
169 0.031250 2802
169 0.062500 2438
169 0.093750 2081
169 0.125000 1765
169 0.156250 1413
169 0.187500 1164
169 0.218750 858
169 0.250000 686
169 0.281250 459
169 0.312500 291
169 0.343750 195
169 0.375000 116
169 0.406250 45
169 0.437500 8
169 0.468750 0
169 0.500000 0
169 0.531250 0
169 0.562500 5
169 0.593750 32
169 0.625000 150
169 0.656250 350
169 0.687500 618
169 0.718750 997
169 0.750000 1453
169 0.781250 1876
169 0.812500 2443
169 0.843750 2843
169 0.875000 3044
169 0.906250 3414
169 0.937500 3309
169 0.968750 3266
170 0.000000 3086
170 0.031250 2735
170 0.062500 2387
170 0.093750 1932
170 0.125000 1759
170 0.156250 1392
170 0.187500 1149
170 0.218750 867
170 0.250000 660
170 0.281250 508
170 0.312500 326
170 0.343750 189
170 0.375000 98
170 0.406250 38
170 0.437500 11
170 0.468750 0
170 0.500000 0
170 0.531250 0
170 0.562500 0
170 0.593750 42
170 0.625000 153
170 0.656250 326
170 0.687500 650
170 0.718750 926
170 0.750000 1447
170 0.781250 1916
170 0.812500 2380
170 0.843750 2802
170 0.875000 3129
170 0.906250 3264
170 0.937500 3290
170 0.968750 3244
171 0.000000 3040
171 0.031250 2752
171 0.062500 2303
171 0.093750 2008
171 0.125000 1752
171 0.156250 1403
171 0.187500 1191
171 0.218750 837
171 0.250000 633
171 0.281250 450
171 0.312500 330
171 0.343750 222
171 0.375000 95
171 0.406250 46
171 0.437500 5
171 0.468750 0
171 0.500000 0
171 0.531250 0
171 0.562500 3
171 0.593750 43
171 0.625000 148
171 0.656250 324
171 0.687500 592
171 0.718750 1010
171 0.750000 1462
171 0.781250 1921
171 0.812500 2412
171 0.843750 2873
171 0.875000 3144
171 0.906250 3294
171 0.937500 3384
171 0.968750 3116
172 0.000000 3035
172 0.031250 2698
172 0.062500 2393
172 0.093750 2145
172 0.125000 1748
172 0.156250 1407
172 0.187500 1104
172 0.218750 846
172 0.250000 674
172 0.281250 460
172 0.312500 327
172 0.343750 186
172 0.375000 101
172 0.406250 42
172 0.437500 7
172 0.468750 1
172 0.500000 0
172 0.531250 0
172 0.562500 4
172 0.593750 37
172 0.625000 149
172 0.656250 314
172 0.687500 611
172 0.718750 981
172 0.750000 1425
172 0.781250 1936
172 0.812500 2352
172 0.843750 2801
172 0.875000 3135
172 0.906250 3354
172 0.937500 3328
172 0.968750 3232
173 0.000000 2911
173 0.031250 2693
173 0.062500 2400
173 0.093750 2100
173 0.125000 1706
173 0.156250 1424
173 0.187500 1085
173 0.218750 906
173 0.250000 633
173 0.281250 486
173 0.312500 325
173 0.343750 212
173 0.375000 107
173 0.406250 38
173 0.437500 3
173 0.468750 0
173 0.500000 0
173 0.531250 0
173 0.562500 2
173 0.593750 32
173 0.625000 148
173 0.656250 346
173 0.687500 575
173 0.718750 943
173 0.750000 1452
173 0.781250 1942
173 0.812500 2312
173 0.843750 2918
173 0.875000 3062
173 0.906250 3276
173 0.937500 3315
173 0.968750 3164
174 0.000000 3018
174 0.031250 2668
174 0.062500 2331
174 0.093750 1918
174 0.125000 1704
174 0.156250 1356
174 0.187500 1167
174 0.218750 866
174 0.250000 633
174 0.281250 462
174 0.312500 338
174 0.343750 199
174 0.375000 107
174 0.406250 43
174 0.437500 7
174 0.468750 0
174 0.500000 0
174 0.531250 0
174 0.562500 4
174 0.593750 35
174 0.625000 155
174 0.656250 316
174 0.687500 615
174 0.718750 975
174 0.750000 1391
174 0.781250 1905
174 0.812500 2445
174 0.843750 2803
174 0.875000 3165
174 0.906250 3278
174 0.937500 3359
174 0.968750 3158
175 0.000000 2890
175 0.031250 2689
175 0.062500 2391
175 0.093750 2045
175 0.125000 1666
175 0.156250 1378
175 0.187500 1080
175 0.218750 839
175 0.250000 617
175 0.281250 469
175 0.312500 365
175 0.343750 195
175 0.375000 106
175 0.406250 51
175 0.437500 9
175 0.468750 0
175 0.500000 0
175 0.531250 0
175 0.562500 2
175 0.593750 47
175 0.625000 141
175 0.656250 338
175 0.687500 590
175 0.718750 972
175 0.750000 1415
175 0.781250 1909
175 0.812500 2383
175 0.843750 2866
175 0.875000 3081
175 0.906250 3324
175 0.937500 3182
175 0.968750 3194
176 0.000000 2911
176 0.031250 2636
176 0.062500 2320
176 0.093750 2027
176 0.125000 1687
176 0.156250 1420
176 0.187500 1073
176 0.218750 843
176 0.250000 654
176 0.281250 469
176 0.312500 331
176 0.343750 200
176 0.375000 120
176 0.406250 48
176 0.437500 7
176 0.468750 0
176 0.500000 0
176 0.531250 0
176 0.562500 4
176 0.593750 29
176 0.625000 145
176 0.656250 336
176 0.687500 608
176 0.718750 965
176 0.750000 1395
176 0.781250 1896
176 0.812500 2322
176 0.843750 2773
176 0.875000 3056
176 0.906250 3196
176 0.937500 3268
176 0.968750 3274
177 0.000000 2953
177 0.031250 2663
177 0.062500 2289
177 0.093750 1984
177 0.125000 1730
177 0.156250 1408
177 0.187500 1069
177 0.218750 881
177 0.250000 697
177 0.281250 460
177 0.312500 333
177 0.343750 216
177 0.375000 125
177 0.406250 34
177 0.437500 9
177 0.468750 1
177 0.500000 0
177 0.531250 0
177 0.562500 3
177 0.593750 26
177 0.625000 139
177 0.656250 298
177 0.687500 623
177 0.718750 962
177 0.750000 1406
177 0.781250 1879
177 0.812500 2431
177 0.843750 2762
177 0.875000 3111
177 0.906250 3281
177 0.937500 3203
177 0.968750 3127
178 0.000000 2846
178 0.031250 2807
178 0.062500 2279
178 0.093750 2003
178 0.125000 1656
178 0.156250 1373
178 0.187500 1141
178 0.218750 833
178 0.250000 628
178 0.281250 466
178 0.312500 304
178 0.343750 213
178 0.375000 103
178 0.406250 51
178 0.437500 7
178 0.468750 1
178 0.500000 0
178 0.531250 0
178 0.562500 1
178 0.593750 30
178 0.625000 143
178 0.656250 313
178 0.687500 544
178 0.718750 970
178 0.750000 1384
178 0.781250 1861
178 0.812500 2330
178 0.843750 2752
178 0.875000 3041
178 0.906250 3185
178 0.937500 3208
178 0.968750 3163
179 0.000000 2901
179 0.031250 2588
179 0.062500 2332
179 0.093750 1867
179 0.125000 1610
179 0.156250 1352
179 0.187500 1104
179 0.218750 853
179 0.250000 642
179 0.281250 464
179 0.312500 276
179 0.343750 182
179 0.375000 116
179 0.406250 33
179 0.437500 2
179 0.468750 0
179 0.500000 0
179 0.531250 0
179 0.562500 2
179 0.593750 29
179 0.625000 142
179 0.656250 337
179 0.687500 586
179 0.718750 931
179 0.750000 1395
179 0.781250 1830
179 0.812500 2259
179 0.843750 2659
179 0.875000 2873
179 0.906250 3154
179 0.937500 3200
179 0.968750 3179
180 0.000000 2828
180 0.031250 2574
180 0.062500 2318
180 0.093750 1964
180 0.125000 1684
180 0.156250 1289
180 0.187500 1016
180 0.218750 792
180 0.250000 569
180 0.281250 446
180 0.312500 298
180 0.343750 180
180 0.375000 105
180 0.406250 56
180 0.437500 10
180 0.468750 0
180 0.500000 0
180 0.531250 0
180 0.562500 0
180 0.593750 33
180 0.625000 145
180 0.656250 316
180 0.687500 596
180 0.718750 952
180 0.750000 1371
180 0.781250 1845
180 0.812500 2352
180 0.843750 2669
180 0.875000 2948
180 0.906250 3021
180 0.937500 3137
180 0.968750 3082
181 0.000000 2832
181 0.031250 2595
181 0.062500 2194
181 0.093750 1789
181 0.125000 1600
181 0.156250 1252
181 0.187500 986
181 0.218750 775
181 0.250000 599
181 0.281250 452
181 0.312500 277
181 0.343750 222
181 0.375000 98
181 0.406250 34
181 0.437500 8
181 0.468750 0
181 0.500000 0
181 0.531250 0
181 0.562500 1
181 0.593750 20
181 0.625000 142
181 0.656250 301
181 0.687500 578
181 0.718750 894
181 0.750000 1362
181 0.781250 1843
181 0.812500 2313
181 0.843750 2644
181 0.875000 2861
181 0.906250 3029
181 0.937500 3106
181 0.968750 2921
182 0.000000 2605
182 0.031250 2503
182 0.062500 2239
182 0.093750 1903
182 0.125000 1540
182 0.156250 1269
182 0.187500 948
182 0.218750 744
182 0.250000 575
182 0.281250 387
182 0.312500 281
182 0.343750 178
182 0.375000 106
182 0.406250 44
182 0.437500 2
182 0.468750 0
182 0.500000 0
182 0.531250 0
182 0.562500 1
182 0.593750 31
182 0.625000 117
182 0.656250 287
182 0.687500 568
182 0.718750 900
182 0.750000 1234
182 0.781250 1759
182 0.812500 2213
182 0.843750 2568
182 0.875000 2765
182 0.906250 2914
182 0.937500 2998
182 0.968750 2863
183 0.000000 2548
183 0.031250 2352
183 0.062500 2083
183 0.093750 1848
183 0.125000 1517
183 0.156250 1253
183 0.187500 978
183 0.218750 744
183 0.250000 530
183 0.281250 415
183 0.312500 305
183 0.343750 160
183 0.375000 106
183 0.406250 36
183 0.437500 12
183 0.468750 0
183 0.500000 0
183 0.531250 0
183 0.562500 1
183 0.593750 35
183 0.625000 131
183 0.656250 304
183 0.687500 576
183 0.718750 892
183 0.750000 1312
183 0.781250 1701
183 0.812500 2154
183 0.843750 2449
183 0.875000 2735
183 0.906250 2976
183 0.937500 2878
183 0.968750 2695
184 0.000000 2562
184 0.031250 2345
184 0.062500 2048
184 0.093750 1762
184 0.125000 1468
184 0.156250 1201
184 0.187500 967
184 0.218750 715
184 0.250000 539
184 0.281250 457
184 0.312500 280
184 0.343750 171
184 0.375000 98
184 0.406250 33
184 0.437500 5
184 0.468750 0
184 0.500000 0
184 0.531250 0
184 0.562500 0
184 0.593750 20
184 0.625000 139
184 0.656250 272
184 0.687500 499
184 0.718750 871
184 0.750000 1166
184 0.781250 1624
184 0.812500 2054
184 0.843750 2405
184 0.875000 2742
184 0.906250 2797
184 0.937500 2780
184 0.968750 2640
185 0.000000 2430
185 0.031250 2277
185 0.062500 2079
185 0.093750 1711
185 0.125000 1447
185 0.156250 1154
185 0.187500 889
185 0.218750 729
185 0.250000 523
185 0.281250 395
185 0.312500 268
185 0.343750 188
185 0.375000 90
185 0.406250 55
185 0.437500 1
185 0.468750 0
185 0.500000 0
185 0.531250 0
185 0.562500 2
185 0.593750 33
185 0.625000 119
185 0.656250 274
185 0.687500 521
185 0.718750 838
185 0.750000 1238
185 0.781250 1559
185 0.812500 2046
185 0.843750 2408
185 0.875000 2679
185 0.906250 2726
185 0.937500 2686
185 0.968750 2533
186 0.000000 2481
186 0.031250 2143
186 0.062500 1923
186 0.093750 1610
186 0.125000 1399
186 0.156250 1181
186 0.187500 915
186 0.218750 716
186 0.250000 535
186 0.281250 387
186 0.312500 274
186 0.343750 157
186 0.375000 104
186 0.406250 33
186 0.437500 6
186 0.468750 1
186 0.500000 0
186 0.531250 0
186 0.562500 4
186 0.593750 34
186 0.625000 125
186 0.656250 272
186 0.687500 506
186 0.718750 810
186 0.750000 1173
186 0.781250 1615
186 0.812500 1970
186 0.843750 2281
186 0.875000 2521
186 0.906250 2718
186 0.937500 2670
186 0.968750 2598
187 0.000000 2467
187 0.031250 2155
187 0.062500 1876
187 0.093750 1618
187 0.125000 1309
187 0.156250 1028
187 0.187500 962
187 0.218750 673
187 0.250000 494
187 0.281250 374
187 0.312500 237
187 0.343750 169
187 0.375000 92
187 0.406250 31
187 0.437500 5
187 0.468750 0
187 0.500000 0
187 0.531250 0
187 0.562500 2
187 0.593750 29
187 0.625000 114
187 0.656250 274
187 0.687500 484
187 0.718750 803
187 0.750000 1167
187 0.781250 1581
187 0.812500 1893
187 0.843750 2234
187 0.875000 2481
187 0.906250 2617
187 0.937500 2588
187 0.968750 2611
188 0.000000 2343
188 0.031250 2139
188 0.062500 1900
188 0.093750 1621
188 0.125000 1293
188 0.156250 1080
188 0.187500 875
188 0.218750 652
188 0.250000 498
188 0.281250 368
188 0.312500 255
188 0.343750 139
188 0.375000 99
188 0.406250 32
188 0.437500 9
188 0.468750 0
188 0.500000 0
188 0.531250 0
188 0.562500 0
188 0.593750 32
188 0.625000 120
188 0.656250 264
188 0.687500 504
188 0.718750 731
188 0.750000 1091
188 0.781250 1504
188 0.812500 1852
188 0.843750 2205
188 0.875000 2467
188 0.906250 2543
188 0.937500 2578
188 0.968750 2464
189 0.000000 2241
189 0.031250 2101
189 0.062500 1917
189 0.093750 1566
189 0.125000 1291
189 0.156250 1077
189 0.187500 835
189 0.218750 696
189 0.250000 460
189 0.281250 344
189 0.312500 227
189 0.343750 156
189 0.375000 89
189 0.406250 35
189 0.437500 4
189 0.468750 0
189 0.500000 0
189 0.531250 0
189 0.562500 1
189 0.593750 37
189 0.625000 94
189 0.656250 271
189 0.687500 488
189 0.718750 784
189 0.750000 1159
189 0.781250 1486
189 0.812500 1908
189 0.843750 2256
189 0.875000 2355
189 0.906250 2426
189 0.937500 2589
189 0.968750 2496
190 0.000000 2210
190 0.031250 2064
190 0.062500 1804
190 0.093750 1547
190 0.125000 1251
190 0.156250 1049
190 0.187500 816
190 0.218750 639
190 0.250000 480
190 0.281250 361
190 0.312500 237
190 0.343750 142
190 0.375000 97
190 0.406250 26
190 0.437500 2
190 0.468750 0
190 0.500000 0
190 0.531250 0
190 0.562500 1
190 0.593750 27
190 0.625000 119
190 0.656250 290
190 0.687500 453
190 0.718750 734
190 0.750000 1048
190 0.781250 1434
190 0.812500 1768
190 0.843750 2127
190 0.875000 2429
190 0.906250 2489
190 0.937500 2530
190 0.968750 2499
191 0.000000 2245
191 0.031250 2076
191 0.062500 1710
191 0.093750 1527
191 0.125000 1264
191 0.156250 1075
191 0.187500 861
191 0.218750 628
191 0.250000 479
191 0.281250 356
191 0.312500 235
191 0.343750 137
191 0.375000 87
191 0.406250 38
191 0.437500 10
191 0.468750 0
191 0.500000 0
191 0.531250 0
191 0.562500 1
191 0.593750 15
191 0.625000 128
191 0.656250 240
191 0.687500 443
191 0.718750 727
191 0.750000 1121
191 0.781250 1430
191 0.812500 1815
191 0.843750 2188
191 0.875000 2398
191 0.906250 2439
191 0.937500 2504
191 0.968750 2340
192 0.000000 2200
192 0.031250 2009
192 0.062500 1769
192 0.093750 1464
192 0.125000 1264
192 0.156250 1030
192 0.187500 857
192 0.218750 652
192 0.250000 467
192 0.281250 380
192 0.312500 257
192 0.343750 148
192 0.375000 100
192 0.406250 33
192 0.437500 6
192 0.468750 0
192 0.500000 0
192 0.531250 0
192 0.562500 3
192 0.593750 25
192 0.625000 97
192 0.656250 262
192 0.687500 501
192 0.718750 720
192 0.750000 1105
192 0.781250 1466
192 0.812500 1763
192 0.843750 2166
192 0.875000 2365
192 0.906250 2423
192 0.937500 2461
192 0.968750 2348
193 0.000000 2092
193 0.031250 1904
193 0.062500 1714
193 0.093750 1507
193 0.125000 1188
193 0.156250 1000
193 0.187500 803
193 0.218750 606
193 0.250000 454
193 0.281250 323
193 0.312500 232
193 0.343750 135
193 0.375000 104
193 0.406250 27
193 0.437500 5
193 0.468750 0
193 0.500000 0
193 0.531250 0
193 0.562500 3
193 0.593750 39
193 0.625000 103
193 0.656250 243
193 0.687500 441
193 0.718750 724
193 0.750000 1042
193 0.781250 1360
193 0.812500 1770
193 0.843750 2098
193 0.875000 2382
193 0.906250 2400
193 0.937500 2455
193 0.968750 2353
194 0.000000 2187
194 0.031250 1998
194 0.062500 1750
194 0.093750 1446
194 0.125000 1267
194 0.156250 1100
194 0.187500 792
194 0.218750 669
194 0.250000 448
194 0.281250 331
194 0.312500 233
194 0.343750 135
194 0.375000 76
194 0.406250 27
194 0.437500 5
194 0.468750 0
194 0.500000 0
194 0.531250 0
194 0.562500 1
194 0.593750 32
194 0.625000 114
194 0.656250 238
194 0.687500 449
194 0.718750 734
194 0.750000 1025
194 0.781250 1346
194 0.812500 1685
194 0.843750 2137
194 0.875000 2281
194 0.906250 2412
194 0.937500 2438
194 0.968750 2361
195 0.000000 2194
195 0.031250 2000
195 0.062500 1674
195 0.093750 1558
195 0.125000 1261
195 0.156250 1034
195 0.187500 770
195 0.218750 570
195 0.250000 456
195 0.281250 326
195 0.312500 230
195 0.343750 126
195 0.375000 87
195 0.406250 35
195 0.437500 10
195 0.468750 0
195 0.500000 0
195 0.531250 0
195 0.562500 2
195 0.593750 16
195 0.625000 112
195 0.656250 259
195 0.687500 459
195 0.718750 696
195 0.750000 1056
195 0.781250 1435
195 0.812500 1721
195 0.843750 2084
195 0.875000 2239
195 0.906250 2431
195 0.937500 2420
195 0.968750 2374
196 0.000000 2146
196 0.031250 1918
196 0.062500 1748
196 0.093750 1480
196 0.125000 1211
196 0.156250 1015
196 0.187500 807
196 0.218750 634
196 0.250000 464
196 0.281250 326
196 0.312500 225
196 0.343750 131
196 0.375000 96
196 0.406250 43
196 0.437500 5
196 0.468750 0
196 0.500000 0
196 0.531250 0
196 0.562500 1
196 0.593750 20
196 0.625000 103
196 0.656250 288
196 0.687500 483
196 0.718750 700
196 0.750000 1035
196 0.781250 1379
196 0.812500 1772
196 0.843750 1974
196 0.875000 2309
196 0.906250 2376
196 0.937500 2399
196 0.968750 2341
197 0.000000 2048
197 0.031250 1929
197 0.062500 1673
197 0.093750 1480
197 0.125000 1203
197 0.156250 975
197 0.187500 807
197 0.218750 585
197 0.250000 436
197 0.281250 319
197 0.312500 225
197 0.343750 135
197 0.375000 77
197 0.406250 31
197 0.437500 5
197 0.468750 0
197 0.500000 0
197 0.531250 0
197 0.562500 1
197 0.593750 27
197 0.625000 115
197 0.656250 235
197 0.687500 415
197 0.718750 687
197 0.750000 975
197 0.781250 1397
197 0.812500 1706
197 0.843750 1999
197 0.875000 2241
197 0.906250 2390
197 0.937500 2377
197 0.968750 2239
198 0.000000 2087
198 0.031250 1945
198 0.062500 1664
198 0.093750 1402
198 0.125000 1200
198 0.156250 984
198 0.187500 857
198 0.218750 573
198 0.250000 462
198 0.281250 314
198 0.312500 218
198 0.343750 146
198 0.375000 84
198 0.406250 25
198 0.437500 4
198 0.468750 0
198 0.500000 0
198 0.531250 0
198 0.562500 2
198 0.593750 24
198 0.625000 96
198 0.656250 279
198 0.687500 428
198 0.718750 681
198 0.750000 1063
198 0.781250 1368
198 0.812500 1739
198 0.843750 2002
198 0.875000 2230
198 0.906250 2361
198 0.937500 2320
198 0.968750 2229
199 0.000000 2049
199 0.031250 1938
199 0.062500 1698
199 0.093750 1411
199 0.125000 1153
199 0.156250 970
199 0.187500 727
199 0.218750 592
199 0.250000 433
199 0.281250 312
199 0.312500 225
199 0.343750 137
199 0.375000 83
199 0.406250 27
199 0.437500 6
199 0.468750 1
199 0.500000 0
199 0.531250 0
199 0.562500 6
199 0.593750 19
199 0.625000 99
199 0.656250 232
199 0.687500 425
199 0.718750 697
199 0.750000 1042
199 0.781250 1333
199 0.812500 1790
199 0.843750 1999
199 0.875000 2255
199 0.906250 2218
199 0.937500 2251
199 0.968750 2246
200 0.000000 2019
200 0.031250 1874
200 0.062500 1621
200 0.093750 1450
200 0.125000 1169
200 0.156250 965
200 0.187500 754
200 0.218750 539
200 0.250000 418
200 0.281250 292
200 0.312500 227
200 0.343750 126
200 0.375000 85
200 0.406250 29
200 0.437500 8
200 0.468750 0
200 0.500000 0
200 0.531250 0
200 0.562500 1
200 0.593750 31
200 0.625000 103
200 0.656250 241
200 0.687500 445
200 0.718750 706
200 0.750000 981
200 0.781250 1398
200 0.812500 1668
200 0.843750 1963
200 0.875000 2198
200 0.906250 2338
200 0.937500 2267
200 0.968750 2299
